76129
78933
8713
31884
65517
90957
47836
9273
64150
21447
72887
58858
88945
33276
46083
5239
91507
32559
78148
97250
94085
47176
55661
75116
66369
96312
37980
73348
54436
88076
83967
30564
67008
92679
78799
32525
83636
26634
41797
64137
48080
31035
22994
53377
64310
69076
74967
72169
17987
69466
69418
12071
16642
25079
87186
83010
37742
41518
72709
92177
29593
56676
39092
96600
65706
17891
45476
65693
60876
87273
29829
25308
18307
69174
78684
98969
54602
70002
71137
72588
39468
40554
84658
56109
81984
88196
55470
19726
46065
28178
28254
92009
84853
83698
88608
50559
17940
34084
32603
78815
37708
62432
4122
72366
47957
99157
71334
2558
69159
42470
91497
8626
83024
92507
81086
81359
80702
36555
1084
43118
81084
45690
35126
65937
29387
23733
32847
63678
74168
65449
42492
28227
44232
62966
593
92189
62122
71926
11098
47632
30748
2595
72609
30123
95101
53694
11481
92154
6600
28917
35271
87684
74606
70396
69972
20344
10480
19170
84021
1000
970
42864
29226
45202
5829
29818
53742
84303
18096
81191
31934
48843
137
4543
78965
11589
74588
6797
3742
81188
35713
55364
85223
26670
42111
71546
47013
68943
7067
47385
69942
8036
90249
15519
69589
12429
61689
23330
96731
79784
20873
28665
44978
21009
49559
40294
32598
24146
47090
52691
21685
99155
24407
23259
25824
82869
94804
72837
51811
1870
36573
38104
9906
26821
53623
95846
39250
15311
19176
52332
11446
56400
80996
72775
93760
30554
13068
42709
71052
76509
95400
92736
75663
36158
15995
17839
19026
27150
90675
87189
29020
43599
25292
55277
70420
95266
51122
26021
26928
86649
78352
38373
59400
75700
11147
53160
22605
40566
95868
93656
17075
7619
2744
9089
43776
18738
26927
79154
45887
33953
66342
91258
77552
7985
62886
64323
3251
30360
6695
30178
33360
85046
84903
92760
77097
12401
45919
99702
52967
41786
9709
86393
65757
12452
11833
9532
47541
55112
5037
93428
89064
71378
1037
82967
95715
80275
63641
98965
10634
70335
29142
43993
71733
30396
36752
48829
42797
99022
64882
95763
40808
90943
98507
6564
3394
26691
32447
50935
81802
53836
60714
87218
41565
61750
70184
37279
42024
50177
36243
69009
20511
81737
13002
8595
12132
66105
73776
54928
65127
55009
67042
22286
45951
81900
45201
49345
8591
93999
16631
90392
47834
77344
77609
89399
55445
64145
26677
13821
14321
62920
82829
51183
61008
12182
76130
73139
78287
49905
44419
59765
4913
27812
82050
67216
9712
27250
16560
34654
21248
49542
25045
85434
26885
19006
74832
98681
99502
1508
28853
30174
80779
28034
97708
40215
73837
31277
34853
40093
75695
94617
45006
19858
93018
28573
29569
36619
61484
64222
74219
11025
5619
59652
54261
40976
34483
52941
40477
52342
98146
87002
49473
26179
84709
7610
66393
58546
38886
17598
98638
30932
28566
59995
50790
21584
88567
96710
58202
50050
77284
48772
77426
99254
8423
31686
40229
59257
979
97057
27951
99124
84058
77423
25302
68766
85032
8046
43663
40270
25643
58653
71201
70561
34999
38342
92144
39918
51404
66697
6319
28687
31821
83745
44292
40243
31782
84520
15852
32760
97928
43802
48235
81985
37576
89888
67102
22607
97934
27117
62876
39928
85769
50429
26840
20767
5122
35335
60684
72877
18384
67003
17915
50204
67099
62206
90446
98880
63077
22649
47992
61004
66450
96226
42988
4025
86114
26442
42984
399
69910
22211
56678
55678
88991
83518
92796
10465
18852
69832
83341
37235
53186
1256
3790
20284
63461
94236
35515
26538
33236
83506
3893
99686
96084
63233
20062
98549
89674
79397
98947
59583
1608
71976
31612
6950
71845
40759
17414
7049
10590
755
60635
80127
18362
64425
16762
98174
75012
52277
41063
8247
35782
44956
24284
48217
8188
44346
46765
14213
40094
45711
90147
41701
34039
38110
48651
5883
78868
66064
12931
5810
83170
73566
2288
17883
54342
19050
16057
29353
71326
73471
37599
23459
18426
61883
71676
42965
22580
18440
73529
62673
80503
80027
4374
30893
18136
69376
36775
13356
51791
66058
35517
51313
55975
37804
69195
10316
56853
1603
39668
44530
75074
77266
84341
9851
55500
72368
69168
78079
7159
59048
40752
87661
39075
61477
18553
57210
47204
71680
86917
15346
54089
22433
66658
10063
60237
52205
36730
33441
70159
76397
77971
61584
70014
78663
87787
25514
51030
56954
19944
58188
32353
77047
62201
71427
54875
97105
44989
2078
85136
31905
17424
39224
70690
433
49286
30926
52637
86015
80718
39148
78763
75040
731
48777
53702
88517
90642
4731
61822
10585
79271
94175
3984
57823
65601
54927
26941
60936
40063
75198
94711
95638
11495
44924
93164
80484
47290
73881
19631
42405
48921
20361
91181
2622
8878
23705
70699
25110
19327
64873
29093
77149
46826
87951
32075
73766
65238
88489
48963
76300
84127
94849
87794
45402
4364
68277
9043
78245
87907
51447
27165
8268
58979
46138
33497
57152
69842
20547
82262
89168
1772
27706
66316
48597
15656
14743
38714
97245
19583
4029
73544
3709
15229
61338
65462
19593
29614
74505
97837
33873
25951
25001
58492
84930
71138
91988
58433
57332
28886
57046
62851
30657
84752
29167
79253
16759
60261
34319
14004
79843
38347
3899
83552
53575
65236
49013
73167
11202
39869
71003
45074
65820
12355
19917
50749
99845
28256
25533
73528
57141
82579
36378
87798
67330
81896
83402
84088
42156
34072
14443
21999
72418
18342
21902
42345
99929
87266
15511
11130
27135
2866
72555
9306
31572
8823
76406
47768
37078
1938
21295
94219
84516
57673
98368
51845
39568
98121
52285
98076
48545
83079
36426
20962
1420
58327
63306
1349
61944
95169
28830
5430
14386
17737
14735
62309
26559
91140
10077
63637
93078
31371
74207
93945
5395
88926
45790
61315
3398
14426
59390
51942
97504
12167
72904
15276
86845
52561
32976
48788
64081
61805
70570
94818
95893
85304
57127
22452
67203
86088
2225
14925
76646
96169
20320
65571
58310
97986
68968
89087
57375
20910
2943
69541
10165
18218
72737
79077
67545
21524
43158
45701
92093
54327
41594
93749
11453
64045
2896
78655
50132
5120
93580
26777
17640
30251
8699
75950
28236
77666
81388
1962
14927
84330
87854
25091
2547
60590
4168
86443
82113
63677
32144
90558
18003
73737
658
45808
37781
3553
24462
4264
25024
34393
31040
42663
64643
39738
34964
9230
33755
32704
11191
48682
17033
99044
90124
35932
59633
94291
22374
58098
74319
54517
65007
8674
28253
82016
54481
82385
1920
78942
86648
26943
29687
85957
10681
90128
37273
19911
23883
69976
31101
88916
3360
30145
79039
39291
6129
89682
78017
80578
64000
48885
61936
72673
93490
43951
43505
75874
45870
22447
62522
89164
68485
12912
91473
79165
3040
28745
99075
43274
15072
30176
32189
34783
76672
11227
90426
99152
908
68442
79730
81260
33678
58017
70284
27167
1968
13789
3041
64189
52587
81914
53353
21071
94825
44825
235
14216
89921
99310
57489
4992
45837
89677
56126
38860
17256
46551
38011
34515
14992
34092
15774
48670
92109
86058
92188
94076
99846
11580
58264
52432
93493
27968
89854
4670
72792
90088
35237
62712
5749
92726
84055
51585
98754
40181
90444
16009
86731
44807
50524
18075
78898
82649
83096
87358
68706
75283
97785
86863
72401
53686
96707
368
43539
17728
89512
49979
52965
52223
55727
62042
52630
23664
60795
9162
30459
76804
12244
75265
43679
46670
70515
26327
29765
74224
11385
21400
72009
12639
24614
44409
82677
37672
61128
42567
55400
50639
92545
24716
19214
64624
86757
71843
88287
47551
97356
35097
40706
9599
26714
736
56269
97228
43415
2385
71451
71151
40136
59811
141
64749
20571
82817
18773
81699
25384
74172
32337
17928
15239
51550
98903
18347
39744
82249
53451
22955
79402
48999
40042
35670
62578
83456
54406
50380
70958
94542
26543
71099
75642
47113
53915
94414
28811
95650
84937
77500
29930
175
29049
28832
18521
85145
32373
770
54947
71010
40076
34348
36360
80117
86369
98937
79925
40775
65668
50882
35316
92210
21980
27309
39323
92247
21723
84485
87896
6659
61984
17825
6834
7385
63009
41706
8881
95381
58827
63827
66390
98902
98175
2749
95371
84543
18037
91647
41669
56
42528
76984
92266
80860
4293
47940
89458
42367
32424
77353
49025
94408
11530
72210
18144
74538
30268
27024
86270
89094
90850
52659
4348
89024
55407
16070
89919
89795
7716
31587
89850
66595
24923
98467
63806
45567
46406
53263
87933
95182
46968
53309
5941
74849
25519
24084
49386
55786
51107
35655
61231
41956
4665
65578
47332
76423
81647
53602
66217
89362
85188
72309
26462
70885
36114
88380
33642
89377
92664
28823
52696
45973
51115
27544
71491
93281
43628
26304
45287
4858
84612
49951
70436
48295
42725
68434
1896
25293
74148
3435
97710
46456
29897
68594
82569
18276
18588
88297
27292
47410
57344
73264
14877
84887
61106
90074
78167
4733
32730
39805
25942
17341
6107
12729
65635
48831
81163
83882
74123
71662
87316
71833
18117
17212
56778
17037
51840
91717
21686
79131
39127
79029
68746
70355
63916
29851
60428
58434
93157
14591
76876
26849
20697
5957
8835
85880
3471
92716
60002
75132
80032
48186
93248
13595
21316
26636
81786
13032
48321
77268
68510
43702
46013
38864
7617
92215
99292
82402
43149
8800
13344
36377
35649
34041
42333
44483
19920
45803
37199
96273
20934
33582
60811
30533
82126
73520
28962
11509
38193
22581
80019
81894
35234
5862
60808
34525
4615
20309
59677
17959
56685
11677
68351
15369
72511
4622
61171
894
98456
59642
78056
45340
6818
60181
35211
52131
88042
73403
74711
68060
55296
43304
3293
77509
20464
54170
82124
40772
30198
82
13808
41874
68432
29176
14384
89405
90346
40445
90298
5153
86
84706
66844
6903
61238
2054
75385
49279
75457
50096
17338
47104
9751
36983
24613
46566
7504
23088
87337
37701
23169
1144
79574
7952
46671
93957
13708
53368
50753
20357
58520
50839
5062
41715
74093
66300
43769
49478
15578
35577
15925
49268
99032
25675
86250
39996
72241
10105
63083
75929
47805
2603
93425
43730
26906
40095
54038
40613
93463
4791
60970
68334
55629
66031
10049
46073
32330
70169
95550
64260
5745
27826
13527
4776
53501
16128
44772
42093
26232
24206
34373
90388
26809
27797
34117
53714
84244
88154
94327
94058
9296
62391
81276
21326
72439
27349
70008
42607
34267
64703
67076
47793
85831
20576
80272
46954
79020
6503
71159
13392
13242
97967
57541
47358
51681
58136
51863
46007
52193
61159
17654
14583
42434
38979
3374
86134
8986
62332
59604
27035
92459
7396
29217
29386
87667
76170
8405
10521
47328
38148
23762
61647
12040
87471
13327
70175
39334
75685
22367
16844
93338
36950
75629
48668
40323
61763
74006
87146
33609
62392
79604
41005
91608
8989
45023
67777
33745
71896
31457
71892
95657
93103
83932
83128
22781
54106
38813
14817
92825
72008
24506
29774
47636
73173
86448
9398
47178
5453
12895
80787
67845
92498
38143
75804
17838
99517
59933
51582
71412
91389
39826
83421
843
40109
82900
39975
10566
38064
54791
3390
10071
79296
33163
57706
52468
35962
15998
57767
96350
13136
41963
88848
67630
17766
23037
83498
77698
90971
71262
85438
30796
54682
86280
70904
53933
26254
81469
91996
97396
1211
2066
76691
59771
45511
86687
43226
77860
44453
39576
90995
86415
44775
74976
20532
67811
58473
98230
75133
29734
83667
5928
767
86299
93183
54699
12552
91004
46694
9948
92214
48759
2990
42938
24882
64852
29624
68107
42711
74076
24034
50057
76842
85160
25032
97374
52971
99857
11955
28103
45942
11973
50383
46709
98271
43565
17759
10823
50920
64453
37122
43133
29563
56463
86071
54444
21315
15694
38903
80377
6122
62936
30434
99315
48096
71817
13040
17418
88025
24994
61872
33967
36967
28606
97027
51589
72171
14785
23090
79237
32236
82575
25152
88699
68645
79595
26365
690
18497
6741
23163
53526
22478
62232
25343
51869
79649
13367
93215
57872
63685
46533
86478
60711
75000
75496
76884
14441
71084
9119
97015
96235
14169
65659
92182
40533
82701
10678
47274
5863
24814
17151
44692
87045
42493
12913
83045
72212
6127
40917
35896
27394
96607
67131
2393
88454
44014
16833
59537
69485
30200
72124
83653
12210
64305
24186
94910
91334
87811
17125
16148
4961
61816
3192
91080
2589
52369
97206
88264
66216
87250
1222
33347
5994
6027
77360
22826
81916
63196
69377
54039
46849
81587
18343
87386
76496
26028
91548
93620
42175
96508
71788
61719
76665
62867
64307
29033
76425
24163
33649
42640
11412
51222
75986
17405
57249
69698
56582
39164
32893
25959
9554
96093
7545
44248
83478
84040
70275
75025
94012
28802
87885
82151
6872
80901
61369
71178
26286
37793
11692
59934
80433
23103
27507
72770
40507
84755
58819
13440
8064
39398
66175
4156
63294
10422
3986
63686
97049
95362
57697
25850
99598
56199
32721
80499
17567
20250
6784
55360
31941
83069
52144
71395
10575
24913
11682
83732
41692
68303
91795
97442
34478
12302
60735
61251
16287
24420
58299
28001
98468
500
27598
54666
49572
8096
88585
86173
31231
43944
18113
30651
12439
89507
57578
37351
34111
85611
37434
75803
53913
45580
73244
4742
57882
50330
82345
90520
91102
56995
18520
89569
57495
62470
60587
23418
70565
65523
9591
18148
9466
44055
65150
21904
49914
22727
75606
84024
8337
29392
59826
78602
74971
49421
99695
49204
16103
82039
56076
7204
39034
74595
13124
12880
53416
90062
36297
23981
55584
62239
58480
81401
6294
23629
19656
72559
62708
95262
87396
24653
65997
15975
98532
65692
65179
14634
64082
37606
38189
3115
28552
32346
81968
41374
68643
22300
13310
47233
94710
69878
20759
14366
42436
99818
25979
99018
87214
66983
48129
53210
82957
46660
35253
64487
77646
99335
2092
15834
18801
30644
67146
51147
12611
24872
19789
51262
54533
83373
32040
49242
53251
69150
79959
95686
5937
94703
56181
72919
59183
25742
55876
5843
60995
36714
83488
76681
55158
15673
95481
85801
99171
46627
14763
40394
82767
66024
94926
66140
14415
44167
19390
99916
24126
15075
68883
30062
26130
41415
19333
85312
67157
91560
7506
44503
28273
7345
21183
83430
23018
33015
85582
38540
79642
16696
62408
99071
73858
28547
29837
18024
64288
29753
58501
14987
4915
21844
56402
24247
23507
39910
15806
47365
764
60430
54709
38298
60212
94078
71312
62145
32617
50953
95193
27901
29713
94263
1758
74611
40452
36134
38899
70204
94634
34613
85190
15900
72808
57943
40146
12666
97852
72303
60030
14967
49085
31091
53264
25648
41520
24576
87792
90489
75528
82984
18389
21592
93599
36499
96203
34050
72632
35101
20605
83617
86065
5794
75224
63737
56014
4241
77940
44669
64271
92907
93753
11713
46170
35752
69584
87097
23543
76424
78977
22879
11165
568
32829
47663
96770
83230
36646
48222
3834
20262
50638
9627
36130
25861
89715
8496
30102
84007
53164
10724
93265
63268
38788
99019
24723
42883
38913
1147
21859
61791
12311
38778
10971
59973
35548
94200
96618
121
98033
33231
67111
24012
69361
92971
30078
94208
39424
14084
47371
66499
7348
10638
21638
79486
26008
46361
22368
64920
47507
60578
43063
76169
99355
54033
52493
51254
48233
67727
46265
98692
34837
86628
84404
44159
16706
78611
99935
30789
66433
54489
69322
88071
33974
95329
50783
72693
76601
14641
33270
19663
90809
48976
73695
59653
16582
38279
25114
84308
896
40157
19144
87523
40913
79654
4228
35875
79588
51369
78208
46021
5857
47529
50443
56182
59210
17577
28874
35810
32217
78495
71824
39377
43822
61870
15381
60403
149
40494
44710
1044
97002
80205
4918
37914
59859
9146
73789
39446
60514
68348
1818
82722
32228
68612
91437
2540
84128
43598
34756
62622
15421
90484
6443
77291
5864
83198
93791
62709
27907
11186
76063
24464
30328
84322
25248
20468
40119
2113
88815
58289
84834
21043
43252
23736
28831
45792
7863
72429
96899
86836
4201
3735
9631
81491
25950
92828
91633
88659
37086
2818
81073
61549
18921
11400
62222
44168
31868
18693
46281
37034
76981
47466
58076
36584
71202
3259
82375
95416
92039
95626
98604
96239
99360
24586
94082
25309
17413
85714
30319
54498
88532
11391
32399
7452
39143
94620
67971
13312
30603
8043
6644
78069
82471
43228
65622
2081
25602
77389
94119
37579
75992
90357
36938
577
84438
78599
34341
70152
8917
5191
75035
36660
37589
82486
75802
32208
66808
46811
45520
97411
71205
52163
91831
70027
95390
57452
72107
37344
34840
82577
74922
27184
72934
28212
44112
73723
6810
78453
43874
15726
83643
35260
68737
21231
17745
44538
69790
84553
7700
15309
98315
78905
83824
90145
65283
95565
47596
49260
98787
36318
40534
42322
25603
68745
86434
99326
91906
64886
59551
23983
64880
94811
92720
2462
28907
37257
72251
29811
44957
3912
28125
40213
87735
18269
5495
99651
82216
75588
48911
81003
28258
89444
23324
53860
74540
9757
69537
66445
90994
45440
90427
72225
40250
99498
74686
85508
36755
63289
15319
98063
67200
43443
38275
71286
61712
60121
70936
43927
35709
36198
41281
80318
41993
64605
34177
16532
90713
20066
99328
98059
65505
70283
22106
5604
61321
7613
58710
24609
22931
56772
91808
66374
95046
63093
44437
71519
4715
23579
86578
45996
3896
28570
26952
38072
61454
34016
74489
77133
32074
39993
99591
18709
62098
5195
80029
86063
80256
4637
8993
37028
12796
91718
48425
75888
52506
19943
42619
57221
43521
29196
19568
63768
74118
46519
18192
51923
80534
92680
29055
28960
32673
28646
47668
11122
50192
27696
97184
46799
48684
22529
178
61479
30598
48603
53718
99456
84897
96336
44770
41884
92595
8537
55465
26728
84275
52350
19408
29681
81309
74678
28976
95905
41221
73023
9441
88020
21706
31969
88197
99536
78918
36799
53253
78373
38048
65941
51400
7824
43994
7705
56528
15810
34433
40802
68160
70192
70482
49468
54975
61512
94796
50879
2732
84170
60319
90751
22228
8639
95300
21763
3909
48450
91368
82281
86497
57308
50033
85665
81483
10378
93370
38010
26188
44154
78811
94347
14345
65644
60166
85671
43507
71313
36549
46239
55483
13220
53341
77710
38210
48640
99472
58470
97090
7191
57103
83586
64498
7135
85603
45980
17512
78972
341
60051
23125
95503
70749
53821
61147
30915
39491
21005
18579
92391
67243
74061
21962
20584
68122
76524
69223
83946
34993
82664
91136
92095
82602
55634
99229
68204
17965
33093
47175
18306
9495
86651
80244
40471
91306
27510
79961
46088
88703
79553
36501
10665
16488
87188
2063
38532
84726
79703
30627
67327
51688
46207
35530
69652
95651
99056
87957
5146
85706
1741
26176
9422
29250
22488
21732
75337
27543
17637
11837
38207
50476
32811
41746
52538
21377
80277
53616
17431
27255
20942
69118
73462
72824
38770
85464
71879
43078
6961
73937
61194
8701
112
86968
37950
38952
25051
29639
66494
42687
57827
21052
93163
90637
62797
62052
28366
59425
15667
45796
86680
36609
14914
76493
25784
70035
78308
14014
29464
85269
87950
7010
93969
88062
93977
48271
43365
19027
77909
9858
78066
35735
30909
71228
42724
10057
49631
71089
85833
65298
16884
88864
18258
48149
65356
44041
34535
60016
58054
63999
45284
46004
71008
55604
50417
81336
3874
10133
362
98134
36342
78427
33869
67250
66006
76592
93658
15637
64032
79490
97286
80915
68354
15543
45416
50061
79950
26428
33988
60300
71711
96343
31307
43667
63111
12642
47540
73243
29356
45674
9584
24134
95894
93185
6492
88837
3194
38480
52868
99036
35765
50134
83741
67659
11901
33801
43593
8203
76581
77580
68502
48291
90275
16161
8309
53385
55849
42980
74509
17874
68915
14995
30119
78452
21486
18955
81645
76317
88174
80680
28433
54659
64420
96091
66560
14573
39683
74762
91153
33614
59615
55795
23888
75775
64104
93625
20929
36304
36604
95437
70529
5518
26783
647
83969
64620
35953
81966
40936
78997
69368
95136
43417
81810
78047
74341
21492
52808
81845
55106
28775
53991
95345
4549
34446
88969
25477
25572
20914
41277
47442
64048
58275
47762
28668
94227
29727
69603
18352
8724
55323
13488
68492
53484
91534
59184
91328
60694
57380
46433
89468
11370
58129
94016
45816
47098
35845
32916
89021
73110
90545
36462
37157
48819
576
65824
43046
30302
51779
77749
55377
23453
7588
40220
76936
15474
99403
68263
92519
73134
31047
81986
84504
89176
92353
36273
44549
79586
17658
86482
78107
54815
35301
78682
20638
78346
25335
72416
72446
97064
80034
37283
72804
95507
53038
57418
26171
88465
86362
27026
77640
95066
73696
30264
39615
69634
71908
57272
56115
50014
12086
91415
45047
32724
86112
70382
21491
58558
67445
33711
54943
4727
22866
50449
74116
80283
54825
287
68747
41186
43664
62738
36251
17360
9353
92217
3345
81261
49489
59459
47626
77926
67226
92673
27001
69689
63054
48492
44598
46850
82202
99540
51576
5067
66340
42044
85349
21164
58682
70448
62349
2345
49537
14952
36056
75242
7168
39400
56502
73008
15211
20479
50934
98788
13151
77934
84828
76204
26425
29426
23053
24978
45317
90981
46396
28009
49376
48097
49172
8057
34896
27873
10401
84432
59176
62809
59673
82695
2208
32526
55703
33770
53005
22988
32557
66155
921
33737
58711
43698
63162
98115
85027
24830
5447
31423
52838
54822
79519
79230
14414
62586
5983
15197
21761
68791
91222
20807
87350
23747
37472
99496
86380
75610
16769
20116
50672
76818
99629
48786
61844
24459
70585
93266
93648
41758
89136
12009
20988
3549
90946
26970
35098
12706
95760
26319
33513
99461
66417
26373
36932
59520
42221
23312
51481
58989
43427
2152
35806
43056
67289
14001
83866
37873
7267
77513
79631
96402
5874
16970
16303
96819
43939
25877
56050
94070
75741
71862
60486
18465
8794
36357
60685
32105
87837
36025
91883
6340
88182
51290
73629
2183
35155
11501
25801
7483
38554
51245
24452
54856
64415
84742
90291
57143
16676
82383
29005
93514
848
37798
46222
77884
86254
50411
30261
94488
56750
18442
45778
30378
36976
97284
58231
62776
26303
82065
1330
77547
22869
72537
41962
11496
48604
64753
44523
30987
93757
38036
47906
610
42421
50511
51020
72681
44998
7769
7475
7127
38147
60802
4411
39930
30713
94793
57611
24612
17661
46499
66573
25271
57994
15176
6375
2517
62514
16483
56904
27051
80740
57513
85824
31250
8532
74856
92599
16301
98682
99726
70799
59484
4136
83527
15765
51200
78319
73375
75811
12332
19873
58735
37602
90263
60328
96735
52776
76810
69990
96179
57549
27503
82002
5150
52386
56857
97748
85038
55539
97473
55836
31374
17960
55714
47138
69160
34033
36864
44970
46364
56736
3705
317
67306
93967
60644
64040
63094
53805
34030
75624
27705
73977
32854
30269
47186
30601
15307
2724
44426
87494
62385
43208
97586
31544
93592
34449
92866
56307
7536
12922
72975
74842
23240
49970
55233
2685
20126
5614
78309
47830
99849
80683
46470
99470
27635
61776
18545
72060
65621
85345
34445
25180
99282
82340
18771
50082
91557
91429
57618
4478
64403
48811
27717
30724
20395
46754
50849
26009
41414
98678
42209
10050
95712
88678
9520
23347
66805
44416
11758
32426
29761
62554
57605
29042
44894
92728
79124
36450
84156
53093
57280
64911
18255
1348
95634
38649
48101
62835
81009
89514
23218
99564
73576
28247
25435
96922
95052
86202
25031
27477
32314
87585
1433
77708
32478
94160
73183
85279
94668
26275
42558
75930
60881
43906
71563
15881
8358
97872
12261
52811
97435
85836
81057
39221
99109
76108
25422
24139
19936
57736
11723
21369
35443
60552
31880
8625
62183
26547
51251
21092
2476
28483
81349
90391
44363
89707
41139
73956
3930
69751
26766
17716
71938
24175
56936
71046
282
82357
11537
20218
56444
39611
57938
8238
16515
89817
33214
78697
32716
816
99788
35191
29298
97489
41933
90013
87195
99424
63968
91124
7086
8839
41112
31260
28509
47893
80834
40045
84462
37278
96008
42399
61867
12522
48568
95081
7570
81283
95896
23709
16473
41546
21197
74758
31558
8391
74181
11877
15866
43354
35314
24704
817
23181
29326
14466
4015
85722
15279
41292
98081
57678
3158
10602
6245
98238
18171
87527
10486
41880
20351
52031
63076
95108
99940
87819
85640
11816
3684
28994
47130
44740
46162
30054
67920
91839
60871
71934
93913
76150
29577
91993
50179
49087
18947
63676
37117
60301
74161
95348
97003
42543
74776
8463
42482
78946
94102
70650
98981
39447
17779
60072
85609
64184
27992
77447
25055
16277
71359
1204
63352
67734
11292
82298
40508
91319
35766
17160
65480
14162
24374
38593
38976
66856
17538
33078
37505
16518
72524
71635
76590
74484
35818
20933
51931
77224
53561
39641
94779
32118
19344
62512
43409
17993
3019
51080
53759
20178
32911
17576
50692
57284
56168
89667
40491
73705
22744
6574
11620
65981
83163
86103
18151
20447
54385
11726
74008
94026
6505
6125
13369
85368
65886
31362
88387
16965
1472
24916
49875
35399
91959
23510
91566
81626
64001
65270
20721
58347
48692
40680
71358
34795
75182
91804
5531
86907
82163
99556
93411
4640
29277
95131
70525
76990
83517
3841
94813
24784
70067
30211
16743
93576
21776
57576
3397
35440
32275
91591
84132
72954
62948
35278
48135
71104
35041
53266
40364
44804
74257
85992
39934
44781
62981
39802
64973
74145
80937
35039
4355
97679
44967
12398
2542
45878
47838
34816
53820
24121
33120
83598
72255
4223
24405
23648
73840
81120
84803
64449
41088
9229
46443
97241
90554
36939
78177
25592
41293
75856
70558
126
4605
89452
62355
68794
40619
16175
17114
64740
49294
711
53346
69868
41468
93345
60059
22587
94499
24507
6050
35586
50088
68844
32826
40641
5783
11003
82584
63427
3210
69494
63553
24166
58945
25907
92960
99563
42081
10073
80654
7726
27136
50352
68603
60048
70356
7541
54547
11214
29942
6484
61301
98786
55662
18293
4568
83016
877
84346
86225
70370
47898
10390
45666
90157
19701
61580
48589
58586
56315
73261
25289
66611
58215
85336
36966
82107
56234
64532
12049
62718
25832
10834
18379
60477
31753
1394
77705
16098
3970
64426
80348
30711
10091
70504
50412
71670
19092
96537
46607
91758
69797
71895
74721
57231
28038
26469
13464
92569
54869
92533
18401
65702
10911
95229
13806
28656
72933
46256
32625
37358
42955
63336
63800
13458
30099
51821
48901
26635
98428
57011
12783
70322
31731
57145
43904
59768
99965
73720
52337
54834
66252
87089
36887
93515
98669
50693
38522
71601
13300
71147
25310
56254
50834
5461
80932
57281
34963
7566
8325
20348
58734
40055
93844
2637
93808
92708
84863
48641
75312
88303
1880
85178
3323
52572
23699
91275
82223
11197
16584
38476
62030
22044
24538
59313
95676
75852
66878
67736
529
3577
56935
13772
45457
73109
7580
38165
74323
72572
13476
90803
15005
82299
43374
38703
73573
41948
49900
6508
80423
11929
28551
21312
87594
40579
13516
70823
8314
14044
74400
34782
70978
4523
80238
60439
28454
34754
51113
17378
64581
30090
8180
79585
12388
67906
18288
2313
9853
68187
8820
6628
96467
53723
44291
412
94301
57806
71235
2614
88201
61986
53747
75531
66508
50336
35969
94962
85090
87081
12339
49670
33522
20518
45607
45910
88423
63894
14628
48432
73393
21255
61250
27115
65545
61662
21415
39703
32896
24028
27903
11233
94126
19785
77740
44462
72105
72701
45903
59186
1391
11924
9059
38261
57530
71320
43035
37775
19541
57662
92934
78916
63808
36400
60813
41821
57815
515
91068
98194
44769
2300
92320
64554
80039
53133
36658
69092
99035
12195
86834
27310
21254
25094
84840
92573
68129
22614
28466
42142
41524
37751
37410
5331
74150
98222
63503
48316
98736
70922
46510
59856
73221
55181
40761
69611
8313
77419
55054
5965
41888
51008
43570
83333
52199
36143
67813
91165
80960
9955
32688
35062
47364
54370
25563
45585
17872
73879
60672
5145
36740
36879
78365
91920
64327
55058
35733
56634
77374
93972
23993
20944
77304
76192
73438
61469
83708
54397
71423
16395
35138
70764
31372
97074
4987
5250
74097
10131
41989
10975
4847
33908
88614
85525
66843
60023
21257
23476
37397
15228
47469
74692
8884
40012
70352
23719
2525
41774
56465
8334
76911
43580
39705
90336
48566
44955
64432
75048
3295
75406
79894
53555
80372
65418
20397
3027
60225
94142
18254
24045
68833
27137
64056
16961
97488
4126
35837
55613
44170
48875
20521
227
39210
69086
61533
19993
60485
64827
95399
40378
18381
92122
22147
55130
48867
41525
15354
43009
59779
55750
28193
3267
36157
61506
17107
40282
13694
89071
17223
74216
37946
37743
74442
93507
23180
35974
13500
83664
17152
25250
40393
35533
17371
78891
7014
66237
20416
38719
25597
96546
94468
70142
16164
30624
31647
49622
87257
61692
38693
20831
35907
76638
58573
10348
70144
98104
99995
98119
79825
25244
54863
31709
42614
33753
38722
25203
70520
77440
50799
83417
71907
20940
15933
18882
68938
65554
6138
30630
4246
26968
66536
97235
1892
93236
83731
16347
55908
83725
14465
35732
25321
69327
67440
67934
19431
22513
9488
6303
99952
60287
6071
88210
97578
22003
7091
82868
29580
29849
72899
12736
38093
74790
5971
21823
7488
61879
21899
21952
13962
47219
7630
97754
31505
43413
20266
49715
36570
17630
72137
24779
31560
94140
14427
14400
94153
60627
55257
67052
73362
93349
58193
79333
31523
65681
57563
69774
87632
87876
33344
11614
85629
64848
55026
22247
38544
58816
56173
93228
99946
4084
3719
64519
34862
34470
58672
95488
89727
25723
68850
83075
83915
64534
14598
65947
38448
723
53579
26323
34066
81544
28304
15266
52921
50550
53809
74012
9365
9981
83591
9310
30417
87310
73829
65278
21779
48852
60766
11505
74574
45967
10932
74840
10500
41881
40787
48947
42603
10717
91621
76668
8612
19924
91933
61532
86825
45741
35543
96189
72074
19133
21851
2490
22794
12031
67767
60925
60882
44884
51807
99712
42998
17701
41592
136
82999
84194
27204
74620
77214
35815
10895
69146
13698
97720
31239
65592
93908
3312
1077
32110
5801
23870
44140
84794
21373
34803
73575
89531
25652
73286
32529
43353
14878
32664
42703
15423
76220
17322
92636
12034
28217
78134
25732
42288
9372
91323
52547
29035
92399
84657
34835
32621
45148
41105
82873
75907
7340
72403
17911
80626
4931
77615
11855
53947
20317
43629
30166
52617
58551
98559
47102
634
40846
56473
91957
93392
85507
707
94400
36693
49679
39548
77797
83445
22420
70056
90784
94822
4318
71409
16105
81932
99615
70051
18600
43244
16568
72590
12212
75118
71148
75752
11993
32137
84060
21737
17643
1118
16136
70687
50797
72035
64835
34241
10806
51242
5628
55559
12785
38084
37490
28751
24486
72442
88346
41053
45031
557
32522
32531
59869
24625
60875
8357
25036
82611
25999
26154
15099
13037
93302
87133
77872
27542
97939
45465
68917
19918
1024
98053
58001
54865
26804
98838
27306
31501
56242
88689
32058
88763
21219
8278
29740
82093
16635
54775
81056
58985
97280
96154
88374
90581
83286
66245
34474
97576
28061
19743
17493
29084
17795
91845
83949
60950
90682
27606
92451
63275
16294
40860
52038
53864
49137
98129
35957
82123
52903
17012
57460
66535
13165
45833
57115
12802
28429
7941
56489
27683
44222
85573
61829
36067
85873
39131
43100
13478
31581
29772
88792
74764
83635
54280
72892
35943
36403
42146
69306
93862
8680
82470
39694
82147
11624
6439
22001
24610
34121
66222
26534
12301
18640
12406
51431
61740
25884
99363
84466
72007
4506
59229
71993
58786
48472
24288
95188
90617
93593
5401
15649
92415
61446
14147
4038
29567
20585
42390
70528
54705
24963
13414
83357
43603
25819
51140
21694
68054
66854
22511
56412
71360
81739
44757
46562
85396
41684
53530
78988
47084
69178
87754
8529
83324
91791
54447
3908
50532
41326
74964
75495
54739
74673
35449
96910
25812
57142
64963
92665
79652
37727
