12761
70137
76734
82976
13455
72768
23164
36039
93592
15077
20723
51060
37620
23223
30799
9823
5938
80230
10928
26223
47813
78274
57622
8293
73709
86618
15110
17586
82541
28335
52562
11653
98471
45648
94629
28277
18415
34144
64316
28358
49220
85038
95769
86839
24612
26568
13014
30550
23149
40293
56772
87314
18566
14394
11958
92274
17363
27067
26211
16255
55401
95125
27908
70223
40772
38888
98499
75538
73031
62814
20247
38603
64203
16016
41793
88815
58935
54806
19364
98435
11450
92487
85748
30016
23232
14057
38641
40594
41123
64852
56849
12875
59976
1108
83097
17099
39995
97948
8988
29377
60761
29234
67979
41316
61601
9772
30130
36887
80929
65845
51674
92379
58331
53773
38746
81563
67830
77386
38508
8952
58589
95356
38179
34916
12815
37627
52014
69161
35574
77353
98538
12687
22939
82868
54002
84539
8991
483
37778
6272
66327
89451
15002
41009
43223
53747
38923
11052
47484
77431
36356
22425
89138
74534
57340
18305
28512
25706
87465
64086
3058
2354
93124
25996
85222
47125
26887
10564
63959
64664
16835
46637
70466
48188
87645
13688
18286
42920
41092
65770
20350
77447
4546
25839
68332
61885
60495
96843
87590
47960
77280
90648
50313
70403
32995
51886
33879
59881
78802
97837
24544
11988
44473
11361
60176
48470
25049
78461
91389
66140
60582
28090
59938
65127
70280
28269
27012
30775
41463
30953
78734
18743
37952
45398
5497
70947
13636
39376
47179
92437
53564
88075
4424
14389
99435
80951
62858
24483
59412
70598
6974
19993
98687
66911
1472
68966
11531
44835
16092
52994
75787
94825
88088
13739
56575
93584
1037
70210
49311
48215
78998
19227
36289
99773
33615
52076
80724
12824
76558
56487
83421
99884
92831
82107
83146
94302
67424
94677
39136
83516
64022
14923
94692
68461
45013
51266
78396
62401
37827
27707
26967
16824
63285
79608
32949
96899
31683
13672
26074
24592
70158
9494
24475
62988
7952
7621
73642
91727
18649
12777
75242
82670
44051
69934
51130
5415
37551
29525
84167
91730
73583
11134
8553
36867
90741
57853
50117
38775
71524
92542
63366
58033
2035
4193
21021
26338
28165
11014
18065
46813
23790
9658
45834
84193
95943
13315
89607
33494
42839
90126
41575
32774
1259
66479
85992
8351
24332
52461
63477
95855
45002
26842
53888
63389
47386
91260
89726
75550
2273
24142
38714
42414
33800
84547
26606
29742
97861
32565
79587
57052
22690
21161
89825
40300
87640
75816
65002
11971
44628
28478
7825
89630
71671
78064
69370
19057
85675
59095
10958
87947
99589
49672
46713
33388
34218
89670
79481
32079
22234
59068
89130
61275
96580
95306
17926
84219
87473
82927
96189
32101
27756
20366
38082
99427
14781
7451
34835
456
82897
45792
4754
82485
95463
51466
32224
46033
41136
11705
94463
79721
70772
99944
57348
67351
95249
91625
67922
99073
74552
80462
31173
2307
17179
85606
18085
31960
93056
52919
48767
75953
98711
69872
74789
10525
21338
7013
56557
78825
35069
51019
74897
22192
50962
48596
5894
62562
40221
73815
61635
31124
54277
9159
49782
87807
94765
67867
19766
87820
20785
84884
80124
35847
54756
71265
46372
92445
19280
87621
29697
86651
78869
51888
53964
27465
57781
16526
84037
31596
94512
15160
2224
3670
64941
90030
98434
49159
26148
2606
69944
27383
99081
22142
82138
86697
84865
90934
81325
4145
94906
11021
7147
73775
62908
61110
17591
20689
93987
1627
68636
4850
16786
87211
8520
98078
77240
23305
47237
19739
42262
33532
47122
57695
72025
45611
44391
56890
52897
25716
47802
53088
84532
21576
15996
61993
55518
53036
55980
57144
38023
60829
90281
25233
85700
4711
2472
25357
68299
38563
67618
1830
85684
41664
73854
31294
86055
47095
84190
28122
24480
48344
81209
25363
86271
13556
87356
41789
66591
43335
98932
20965
20515
5565
46197
22567
26627
65021
47923
94925
3583
31892
13106
89266
73556
3311
36911
59610
50406
37453
87731
74885
2148
85291
248
88418
98847
3955
30206
81789
63641
45490
2754
84155
67406
48950
23073
94032
30322
70995
88956
33904
2887
2061
39521
92794
5371
92784
52403
72128
46588
56485
47013
48735
58127
63612
37152
56973
83918
67358
38762
47558
29199
57867
48064
96604
6816
71137
90635
37138
58483
79590
87393
77721
98002
26914
70514
3372
36049
39268
75500
82636
12104
38864
31370
70231
18827
68521
27203
2744
52230
82316
66653
81428
40182
14716
78031
63350
85852
68665
16839
60687
64606
4231
38407
62607
47496
25273
82331
83544
64540
57830
66179
76644
13045
97548
46874
48223
82421
90428
50966
34650
89096
17618
16078
29277
48685
10460
8978
34537
79125
25816
11575
60082
30047
49981
22689
93894
75253
5019
77438
56145
79200
43616
32788
92244
57516
96013
40466
39936
2792
7783
90937
91887
41752
23366
37516
90436
33826
46493
24972
12950
72309
52898
18707
2879
12071
12600
94483
17089
6389
50627
96288
50005
99766
4883
23872
12130
45348
80159
14922
69482
71095
23160
11233
94461
60675
1669
44638
7168
42992
57587
79476
95890
46969
98182
98768
59040
27133
9602
92480
33522
60229
5120
99878
76346
10002
40101
88476
71702
20259
19749
41183
7705
42908
52416
18517
54084
63154
27102
97075
37092
6577
92964
413
21110
8083
75804
64594
17685
68283
98115
94265
73402
14344
70610
99756
54444
75437
71457
91054
95185
28991
98759
54445
81406
33627
74379
35489
13133
1480
48916
50224
24408
41879
50636
45517
66314
26439
26462
83998
11074
24577
78262
827
38920
65223
582
9716
57012
88390
769
68548
17381
15879
22992
98786
49506
13722
62638
15201
99542
29213
39608
57772
79849
1476
24085
22639
27938
8082
33712
68866
2695
34539
24137
84270
51472
33852
41281
39862
50973
9828
57242
66851
49172
72379
32708
62893
23005
95345
78094
38898
40910
34053
96670
37110
51881
20754
59748
79818
45188
9812
65035
64234
60702
89171
48503
12173
39375
6135
52034
90347
15963
25627
57197
81486
98006
89905
44378
37362
1601
38823
76260
42510
72876
72929
79619
41108
10034
55719
37277
55221
81882
2311
19455
42583
7833
84309
54755
47207
90444
23141
37553
6406
65119
11102
4243
63124
17358
48620
486
35310
87443
76745
94172
76670
66025
90142
17777
76058
45860
71405
47631
27741
73715
67085
86675
81547
67745
57782
28754
58188
80922
82658
80945
62392
10111
85187
25516
27468
33807
42353
62778
37601
35449
56949
30622
1473
47090
64750
93882
9302
36154
41512
53394
26220
24948
40069
7766
92693
97850
52871
67232
95123
35529
48177
57514
61991
49715
99381
89459
99873
41733
68588
37473
93533
41888
84446
11357
88977
49195
5239
14630
1700
63102
68024
27919
4402
24444
35685
97094
38645
4907
80677
33767
56787
28853
7632
18778
78568
8236
78440
65097
93175
32265
58630
35062
16710
86338
40390
82257
7928
55020
83956
71030
39395
11875
91783
80190
63911
88876
18834
68817
85904
68952
25604
14757
76583
44381
9676
99947
68968
4467
65044
62142
36731
40025
13555
69793
26362
53944
52049
50642
25315
52356
21671
81061
80582
29805
61250
44492
35032
80083
29661
20935
65386
55264
35691
41969
61718
41915
1315
66185
23310
79808
19267
63334
93362
5411
6048
47305
73811
56689
88972
26167
94711
70032
23100
24515
31282
67592
59546
27716
13604
80480
93102
68867
32523
35070
1214
10592
93336
2528
76776
16646
12395
96331
92048
17805
18730
55704
7968
75418
44675
50486
86480
14707
73585
27346
45988
57528
86891
73703
71131
83723
83156
56349
32597
18225
57562
43188
27913
76441
36316
60910
75127
65062
57240
67174
99218
92322
39230
7185
84091
83904
57670
70571
98610
47607
97916
44597
5134
1159
34652
76265
1233
17807
32613
50181
52384
6527
93368
96648
82967
46035
57557
74446
11096
31148
57971
10314
23469
97200
17498
7560
81104
91520
94482
79713
39126
8749
40662
44259
26259
91665
36875
27491
9471
69488
94023
78206
76014
87391
74853
75332
49777
48761
60873
79909
7748
71186
19729
4947
5035
43640
86050
12906
54473
82115
52031
63222
22776
12642
89480
30792
49516
33323
56614
35355
27345
34820
11368
31087
26024
3052
97216
74785
52828
58088
71045
76927
45625
7125
81874
67011
50765
84275
79917
5237
82741
48299
84810
21868
60940
90642
52659
26808
23964
9273
62162
67660
60444
73530
15099
86467
76581
12314
77603
45760
86753
64999
22687
32377
72124
20912
15739
39240
21538
95655
60828
4279
43954
61990
26146
21245
52631
95157
48052
76594
4429
10214
60605
81224
95
75703
84042
76675
88016
61645
38786
74768
42995
61472
23496
31470
82383
39235
87061
20273
51241
47889
24551
95194
9878
67048
32791
78860
62204
80842
55453
82984
91055
32409
64207
91149
8112
48249
84175
12479
26245
22961
3599
69239
784
43446
709
99519
82680
87769
19791
33921
52009
60693
45466
78238
27740
78256
57097
89944
75450
28901
72927
66504
77662
53486
74005
85773
1734
74531
14603
44330
13843
34553
13568
14627
77999
30628
30497
77030
34749
66639
27302
86757
27331
81347
55070
67375
54795
61365
42824
83696
50644
25680
61357
4129
16036
63481
22214
6918
94435
66543
20761
28988
96462
51739
6986
27090
82235
367
61838
48873
27669
64946
76203
436
46292
47624
84162
1087
8989
43338
1134
59632
85369
62490
63760
17756
42322
2325
24673
36756
45433
82095
65328
97171
89080
92417
95757
5799
70606
60981
33467
35552
53535
50254
81843
34415
99281
10147
94104
414
69778
95824
79255
49889
13579
52213
38252
74684
37431
36
56778
2758
13559
62210
11527
25667
68008
98484
86648
1474
34035
51727
32230
41340
2493
31510
67838
12949
48276
53967
8772
27530
3855
22351
65458
72419
76954
56493
9849
76989
13270
28959
6899
91831
56837
32566
76190
55320
19213
94015
5707
75746
45741
37936
33438
64586
85797
1275
77534
50424
55242
2657
77954
75448
25007
59763
47867
18312
74067
29524
19377
18551
37707
76213
51116
13896
47885
86680
7911
53591
62426
70003
7878
12215
50940
10026
13489
28473
60450
68730
47482
44178
72488
14517
8396
7152
30771
82462
18804
76646
1839
37354
14352
94403
4822
28248
42287
91501
52510
12229
70278
22512
36458
82492
89804
46484
12333
34628
23285
81062
82109
78039
41591
70949
8907
49986
78100
39677
48800
96903
16322
50638
34256
47026
45040
55429
3679
46930
44134
15907
33559
82997
68717
32403
72800
31552
44735
7428
54836
42148
89536
49226
83739
60484
58132
50076
54935
97808
98875
51837
30481
65864
2445
77506
10904
57873
69130
30934
21154
29615
63192
71065
12612
31908
3467
1763
63459
64553
9190
34646
6700
15078
83871
6790
91913
58354
56866
46848
72513
72092
98684
2994
37956
17480
96851
65211
91705
65981
96144
12858
11947
59335
274
7595
3740
42673
87405
84644
68214
22051
91344
83291
22273
14485
91556
96979
87702
38403
69491
59794
53438
72484
97749
87270
69335
62959
78974
51667
75454
8183
79965
51140
8457
20875
58734
28548
63547
62491
13192
48112
893
20887
31403
23165
35371
39310
20143
94064
5986
82866
47501
78469
96966
34770
64155
59924
30095
32173
35377
38278
12138
86516
46734
33012
61602
75281
12910
24092
4824
61021
41336
25710
8775
64500
77433
48084
995
16857
42147
23332
99722
6000
1800
13039
57121
82307
89314
87216
30831
24690
41845
42968
27557
88578
92331
5510
80210
21592
45953
85034
82613
87288
10743
7739
68140
88175
72175
85486
5031
30673
8817
21104
53024
26968
50494
10145
9274
39807
13712
56457
80848
55556
99424
24757
44133
8107
30266
40694
46050
92571
25727
45014
79858
36470
52753
47997
40996
41279
49834
62379
71951
58650
99834
24975
85618
50328
51471
11243
6486
65182
67699
87334
37089
83475
12090
97573
91581
42355
38266
53982
34925
63993
98996
31135
16814
51748
95483
57809
93026
45317
36539
81328
3966
52725
6302
5935
19404
17178
25889
39305
1228
13222
76393
84702
25311
73965
92634
84018
12231
46616
35294
76223
82780
93036
97358
78263
67196
6735
23579
20087
88062
43896
72811
10716
49831
92214
68487
83360
18102
7792
84587
47676
536
69289
89338
74501
73355
86731
24889
25001
79305
70499
7780
88692
84208
86042
55887
7294
25972
75973
86220
65135
22423
52402
90909
35761
91802
15052
36699
39477
31940
22339
28814
6440
613
18521
9522
41853
59873
88826
28704
67652
77517
12911
70046
49755
36557
12369
25728
48264
98588
7214
70686
50989
80914
77946
3101
89067
9350
56152
28543
41289
78490
73708
47728
95454
8580
57249
53659
68452
82362
52456
39942
95272
22501
89696
48180
34869
31775
96443
49809
55341
67128
797
36254
45074
20250
25320
54423
76401
70214
95711
71242
60273
59790
83048
68853
33390
36706
53656
95815
19067
6111
52108
30690
44963
58155
78870
79832
89930
75312
29640
45270
58792
46788
97875
3865
67037
23194
74639
59789
9759
86701
47383
70031
46490
30430
55235
96231
67135
8891
8397
2553
31353
60504
33242
76316
35010
28463
72499
24939
20127
18490
86560
78918
81629
786
82782
65018
23979
73772
41158
50089
60472
88540
20120
23313
18969
75354
19543
2455
596
27939
5007
48301
4794
54601
40968
39803
99415
13466
81094
19541
48307
84005
98458
46287
84791
97591
11304
25121
71362
52462
75210
31833
41001
11681
55145
76322
87034
91039
78776
3982
35329
135
52282
56474
54735
93249
12629
54149
23066
93722
73690
87724
94078
88499
50362
95220
86090
61666
36693
73803
30479
28254
5636
87831
39934
77132
64152
43319
84523
59280
47300
19851
59414
15933
92677
30500
25533
5305
1000
64950
15378
91041
69025
9455
79540
19387
21027
81981
81052
57719
55783
27882
85972
77770
32064
25905
71254
12568
69223
55776
71847
32875
91978
47612
65159
84654
78111
90692
6310
79110
55641
21687
70151
24666
47494
66042
60404
68520
48022
57807
42590
20156
85688
28561
14278
17751
70817
85531
30318
56391
57658
18516
5617
65987
66127
70776
66993
60589
77819
73302
39699
33459
11341
26201
74476
58834
8594
34879
27353
72967
9037
69942
93122
94724
14854
23751
28827
2022
9281
75496
58412
83290
94012
64029
65629
76490
51156
32621
37079
28974
22274
76777
78784
33614
19329
69612
92447
27922
20842
36151
17240
29879
22444
10361
24602
53649
34112
69780
55670
59744
45276
14082
59386
55639
94462
25014
32128
45617
57634
69206
90942
79907
62334
69725
29873
81662
39336
22319
25935
60178
74822
43174
90056
97265
69887
31009
67266
789
22935
96445
62416
53368
55830
18054
47829
80843
9797
54828
738
51087
81720
86815
80959
79734
26150
19629
22020
2679
94450
81546
92734
8067
67784
40095
88133
57235
98266
84577
19650
67986
56759
37703
15814
4235
41963
92429
23621
59052
43515
21693
45866
40825
17778
88368
60453
39797
91046
54903
37694
132
79321
5477
40226
54652
9961
97460
69269
10890
33461
37254
67648
71163
69420
5248
75397
27734
14028
15370
86785
73894
37062
49003
14718
71191
37370
91523
27339
44767
46425
65033
44898
42097
70509
1475
96748
80470
15286
82368
7711
48746
19622
75358
19908
5393
96957
11657
33126
27337
27026
36262
1230
80439
85264
32300
51629
38985
40174
78967
83752
2950
43999
45001
45046
30860
46476
27681
61761
40512
35391
10507
76485
10748
46766
81877
24056
58422
31354
51392
1799
83968
68974
98589
69231
17625
50217
24568
57798
45536
24671
60747
5886
86023
5792
36745
48850
63936
80777
26963
4447
32519
53821
80932
59618
586
79160
83674
75360
10514
35065
93510
94481
4038
92099
80063
21662
58667
20982
79459
4202
62004
40205
10088
48027
62348
46832
96876
26283
43961
40190
30730
76479
94010
28013
36097
10948
7172
19770
86307
34037
96168
44869
75224
88266
41284
13237
46933
78617
9048
51134
40621
65604
77573
4999
27952
40757
18226
54234
84717
58416
61195
52425
45679
13643
63372
69203
33412
66030
3239
20950
62198
64460
96173
66815
22095
25761
30099
711
34808
97585
41331
412
75157
46329
44715
15913
64555
15300
629
22970
16615
78176
91746
78645
91818
55118
47847
41582
21147
67438
62531
99696
31897
75055
66511
53991
815
96609
54701
51975
94193
12384
68738
69350
75064
13452
1614
55970
28751
2243
78939
61717
96770
87037
40362
88587
42154
88208
46520
79652
55645
25402
79348
3893
45858
74235
17623
42466
28936
85949
53011
57671
54686
38712
32734
84489
40325
88704
13239
58919
83994
91308
55688
48021
60627
29535
52580
7146
9187
32548
88534
28469
49355
50743
2704
83329
93208
47991
69277
62570
22013
23962
1281
54746
8450
41606
59801
38041
524
60147
45700
72564
47528
93720
33190
77063
46299
56687
2601
70875
5586
7486
15696
54941
58228
34751
38269
67787
23898
30357
4753
64211
31637
75850
72661
89594
52003
27053
6470
28501
89104
79033
76028
82823
12222
69442
45473
68908
88394
32700
74494
95879
48395
45786
54106
99497
406
21893
82237
24303
52249
3341
88514
237
95542
77526
6183
63896
20930
12652
92396
10033
91684
84776
9207
20257
54217
54679
5516
58963
3730
80009
54841
52124
42146
8947
67972
42552
30839
66560
83206
99439
69900
88071
16027
81794
65596
22209
45689
2877
34860
38085
12909
42895
22860
22115
79503
93428
93146
85019
52390
96875
81379
23583
65351
23525
32529
33322
82428
79719
99882
65633
95509
86133
70056
11535
67926
35651
33744
29967
54880
84955
84403
67788
44202
23614
6255
23704
33393
99400
25074
85783
12626
6453
25717
77976
58245
11298
45108
54315
27531
27092
49823
13663
97147
77709
97941
49150
27804
27907
4029
12759
28661
71816
56960
52274
94422
97015
85666
93821
22089
87800
6447
44893
13516
774
7573
88112
28423
52680
58778
55953
79771
24952
85968
76918
2661
83908
26067
30464
28166
46447
59574
56826
18262
32885
9099
29036
29900
94764
39208
68340
98916
62006
13232
12431
62780
20804
16895
91202
89835
75672
47155
69605
624
33122
62874
3284
33381
88940
50099
61546
35386
9673
34723
70000
42557
43821
15387
72456
54936
54594
57147
53851
16600
86730
82634
79379
7533
99528
86932
13719
91551
50438
83324
92174
99911
11809
33291
51489
61908
11188
3226
87932
45910
89577
30488
89730
4963
19296
61018
59557
76442
31220
92508
63172
13853
71886
87056
29732
58817
775
21283
25607
450
29808
25517
46646
41617
58808
14486
19876
69995
34064
7807
15905
23640
54646
21986
44955
73941
99355
4511
66735
30575
97018
29906
60779
85255
33313
90511
60423
50439
28145
86029
50888
57952
11546
97534
15920
86705
28371
35795
56699
62434
59953
88955
86074
14599
27293
31028
88539
26647
51890
55273
73573
65259
1530
34352
66865
51195
24862
27287
1633
53006
29668
52521
27309
41213
66406
43229
44269
94776
95375
17319
73562
55328
22626
75987
86278
49918
74816
92916
75255
46441
66489
56865
64322
840
23729
15516
42053
67367
17149
11410
97034
86021
38718
54598
52426
98298
98866
63553
10025
16185
37114
81704
55162
13100
67981
5079
52817
59148
14346
44423
21940
80834
1287
2614
98025
41367
18129
40077
8734
22119
37649
6556
93069
6426
21205
8286
69979
47581
40822
23444
29284
95983
52896
13616
17413
5712
72764
31759
50135
11055
28944
67773
13668
26969
9140
48149
83397
34225
99777
51235
72695
53778
74142
65763
76555
11698
90401
46533
59279
31222
86329
88562
27205
39224
18530
44617
44935
7645
92727
11421
18699
79194
48719
64991
88333
96867
64739
38909
12995
32325
11603
66772
6466
93718
43327
34516
84118
6211
93794
15339
92539
98707
58895
48114
17236
19864
9401
41232
12590
20821
59931
50612
14
8649
31954
4698
5515
96693
43606
18509
45369
71561
68187
65278
61311
2702
65747
67521
96495
97437
76412
11553
56332
24525
45141
92547
33925
86372
5136
71098
46302
72100
71111
71302
4053
92161
93168
17097
35766
28029
62466
23678
46013
47004
5307
7323
49705
71053
91195
62551
68490
83958
74103
41173
8483
35595
33719
58759
21967
55206
46208
84620
27305
55922
47710
25831
65441
81158
61596
93469
59975
1626
39481
6978
6932
63155
56682
77985
54350
19232
62826
38307
9687
3998
63141
45281
54068
67247
84459
68219
36578
40492
639
43959
5932
81796
21907
15753
41771
23532
71585
48748
46815
34740
21782
41151
89089
41013
3976
43747
67051
24325
23240
12332
78392
61491
95930
87665
45949
64148
80430
4639
57584
24388
10571
39379
62646
42675
97501
86177
14259
62601
32992
48998
84382
54438
41746
94470
98185
8797
18794
21424
21128
97186
99266
33409
1202
61566
97557
58147
41995
2195
15730
82735
29117
71460
45380
71791
68961
31557
31561
80900
51399
15942
71393
5837
57687
65862
4021
66483
1008
41796
3962
14545
41061
37371
15746
18978
51279
90244
60973
69825
5973
43707
98942
77432
89086
87084
46392
36994
89485
94304
34245
40884
26597
5638
46720
636
87851
67092
67118
88858
25239
87432
3402
82651
41154
19147
1628
92432
25742
62600
62256
31714
22658
77549
25498
28096
64633
71889
81441
54117
82545
15686
11352
9141
37675
58071
9776
25525
41514
93246
14383
66752
97029
17784
49402
38182
53283
51030
30613
79024
29981
9220
10738
52639
86769
36235
97086
51401
78526
21869
23371
10563
33221
48864
48237
7643
58639
73762
49157
68236
88144
15908
65264
5927
3445
75561
32691
50409
54585
62671
59629
81674
31661
46397
34260
45098
14149
75086
23624
52369
98457
34186
85589
47320
82423
9584
22310
56184
58740
90546
60679
90999
72161
82957
72660
91958
58518
21702
42366
29454
725
18346
11127
32385
61738
77483
11594
36823
17458
63963
51631
67995
65903
15302
50417
75486
37612
22952
50577
44509
99982
41576
16669
82939
30587
8626
41456
52289
67344
70909
53013
85689
98387
1749
83135
60124
79231
94728
96946
13040
58690
64929
81035
40945
47803
16430
17841
70755
83359
78701
87088
24934
95370
70026
55520
20347
27833
24160
87690
15093
77172
89731
13479
78921
72865
89954
74503
3252
87543
42634
68180
84929
83578
48409
32731
16359
82602
19837
99717
61302
6925
41002
56671
76950
12874
77018
4783
37033
81059
36227
14205
70789
49706
9477
43653
56011
83979
11245
59262
87873
70230
27441
72801
53807
92202
21884
70165
74803
41720
86234
48644
27235
25479
41946
40108
18848
63080
93493
99906
99306
24049
70695
49011
33525
30699
21374
33855
41943
80635
38080
28524
24428
27232
82330
16629
49115
68847
91431
90835
55080
60238
98666
85716
97775
55126
4563
60854
48618
4469
60160
89018
91515
25522
22542
22213
46895
72748
80508
10827
9031
51957
38059
7713
84937
3525
76559
92719
94359
47990
52956
66541
63007
38672
64315
18132
43234
25169
83101
64054
1680
72118
55568
27201
11011
77781
90448
83759
74640
34329
10937
83670
2637
65347
91382
87573
68872
84292
80291
79582
32281
49598
46122
95288
88269
10437
29771
47855
29224
11908
53636
1341
83828
97188
12352
77960
87635
12462
52599
21963
39750
36268
40951
5097
44002
28523
90320
28293
25165
69901
76926
74763
32375
72213
63031
59163
18335
27237
11119
55497
81106
65251
39324
78293
93954
17283
82280
6415
86233
20594
62516
38852
61545
67612
82853
90067
74283
11146
15232
44184
89994
76635
69376
35720
11321
96613
63190
58879
52109
44295
24129
7784
38939
34434
41418
21218
57200
27650
58164
19715
66501
19708
87327
65706
26126
77961
93203
41357
22144
81273
47702
15053
74259
33430
67124
85579
46394
46665
60809
7311
1289
22637
46250
35722
83819
92921
8055
41982
12636
90907
78041
16314
72964
4167
94274
66166
61875
32770
63790
25929
64174
38048
59358
31298
39979
5751
94314
787
36956
1625
2076
59592
47874
39997
48044
47070
64403
6378
76057
71661
84418
92370
44625
4936
2995
10790
83163
35764
74580
9091
99938
12627
84800
47587
68957
6902
41900
69744
43857
43524
88171
3448
7749
42319
59796
72145
89388
24198
78522
65444
95858
79291
74165
56834
579
77160
67624
83741
29275
42203
29212
71181
77630
93150
40138
883
35050
26233
44739
14403
64538
2674
56721
24333
91170
62461
64882
86043
27904
77091
65333
18421
82263
95580
1548
66003
24854
60102
75185
70418
47634
69166
63567
4123
70048
14968
30355
14786
9893
61109
79323
28918
34182
20007
96642
84888
6129
40897
78331
87813
59317
12255
70076
54896
30154
52430
96102
6607
43967
66519
54240
13132
46437
74715
83180
61405
21421
14317
87649
82530
9992
16566
16711
29998
53004
13352
31238
75484
54248
9568
79648
13565
38174
66075
84812
68327
34857
80913
91285
78823
63783
45524
91954
10220
36590
91485
71624
58011
5802
75624
56892
32145
8541
73602
78494
61544
3305
9731
53379
73904
35650
49378
3820
90175
15453
4984
50309
85896
66137
29131
66031
37436
76250
64602
28921
64225
22612
51074
39848
99570
48388
69456
78063
89112
4146
63016
39795
45390
83187
46322
60842
88170
21174
27502
90418
3663
72984
56448
31675
26772
32697
12628
72044
13273
51592
39469
69472
47446
39038
17859
16902
17100
60493
6013
56505
85380
77392
1894
68567
23713
79088
73088
61238
6589
63505
64900
95925
19952
12926
22696
69000
25554
11091
98624
77145
50559
68095
24590
89596
85953
57843
6695
46445
80208
44292
2949
65587
21683
21195
50505
61747
282
23593
22984
23222
3449
4236
19146
39753
17161
58193
8752
42714
85635
7376
36210
36193
91822
60800
25788
77775
18642
48835
40571
98849
93126
59872
80788
14808
97418
31292
76554
97699
71236
15889
20920
91037
20124
56418
30789
37285
30962
55892
96350
16597
32560
52789
71441
93359
94929
65567
28352
43763
6137
43553
36888
82360
24340
68047
79777
71983
60952
