66820
11616
94818
18537
67408
67373
79645
80722
49866
41804
33526
42042
48596
32011
87816
67294
11787
8554
7650
26349
33133
44933
37223
59393
82115
29836
68124
41489
29923
9523
86368
96742
37490
81185
15278
4898
64909
94922
1971
14775
53077
35497
73168
1673
83859
77335
85318
95646
85888
9319
38346
19020
54252
75568
94764
36366
21755
62888
94206
51677
88762
80573
64770
26251
78109
80047
47500
43018
91321
49471
74144
60749
1319
47311
62421
85177
40997
64090
80822
26884
73409
19167
45903
27660
11086
57018
80377
32840
36257
74583
868
25018
71507
65637
67621
49616
62036
15120
92633
53356
80942
83128
30456
82260
46790
9229
67437
87786
73318
64610
14669
63078
129
76923
7089
27566
33940
3818
76758
70197
78400
77625
11566
66258
43262
79186
15873
5297
94306
24857
75004
75247
7984
5459
57507
54773
31039
41295
42558
4357
22256
73578
83786
22384
66852
90875
66302
792
94692
43059
87340
89443
20683
98905
55700
63944
78091
87925
85592
72396
29133
60595
63994
37117
82406
37852
8241
13444
79146
67151
34152
17754
57080
17938
56489
23932
25164
22790
24723
36207
65848
28414
25649
2883
27318
97700
66826
5408
85624
68770
94155
14757
29364
74501
68225
28121
12352
92817
41565
7850
59967
75716
25603
17047
10005
98443
40978
35168
21233
82052
71374
3432
10465
13374
6314
54134
11074
89492
75894
13049
58261
86400
44157
87624
60900
28733
15745
89604
21550
73661
13805
81516
65728
55759
14914
75733
54201
72243
27252
75433
54294
14978
78865
81110
28351
1530
35244
55776
91021
11137
49281
97536
29333
53257
74788
74418
69001
64391
95967
59013
78195
93834
24740
33953
8748
472
88153
80990
44076
79938
51636
59053
75154
32745
3755
76683
84340
59531
67704
95476
44707
16984
9364
90391
70240
84151
64808
55592
64893
60774
14604
59439
70960
55696
9743
79707
72519
14247
77048
16594
94184
45035
75646
69337
77780
79401
62372
62119
55283
30075
73947
99989
63410
99662
6731
50002
83812
71539
5593
65056
48664
36549
24494
19623
8596
34236
15681
81114
48482
9081
97708
59018
54115
89705
44706
48246
85457
7077
26717
40739
53503
663
57079
33265
324
80162
83266
487
68052
5210
81894
16715
58110
6387
52690
66705
56974
84722
47819
21807
93802
61878
97176
64269
51582
41882
12514
53391
65310
39230
10481
35165
56244
83912
68429
72919
64073
51694
73405
32124
56903
71650
48838
31365
94388
17879
98069
51361
18953
62239
89520
12754
24116
86695
93374
92050
44928
5888
45440
26590
61469
55920
61754
17713
39831
46534
90631
3903
98227
80388
36026
71481
52037
1216
2845
46425
35446
17266
14137
54398
79504
20008
83504
3620
23055
76877
95669
84334
99116
41108
10923
60585
13379
89028
78297
53210
35561
85279
73464
50139
82018
25842
37972
34055
43409
40816
96831
95206
58081
27319
49604
53937
47327
49459
57556
86733
26335
53224
71066
41803
10683
81989
2387
40413
87368
97035
9974
39281
82313
83438
89419
64331
25631
27390
14737
85391
84558
27919
80596
58990
71589
46551
12926
18915
96009
70481
21999
38696
40056
93065
80498
67090
75053
82884
7503
78772
79918
17476
18052
78582
17265
7471
59264
42895
51212
90352
28285
35769
34622
8881
94759
6211
55431
7684
41477
67792
78165
63476
6487
34572
56540
86984
1662
47944
86219
9164
26715
66136
42991
61119
61069
60256
68589
20333
19502
36152
27036
47787
71921
61658
73019
66679
67868
44801
90714
25696
12592
85230
89171
19078
19802
45710
22413
37815
8631
63330
53072
91118
6320
14190
52187
82927
99130
88871
2429
35281
15906
50215
7201
93915
39585
90231
61782
84385
97297
87478
13329
82526
93000
48758
18679
38710
71171
56493
65066
96153
19822
18137
87271
42494
32326
55809
25420
31455
44679
27848
83088
76936
94414
6640
70851
33998
96871
32632
34735
10519
36461
64415
93044
29461
13172
11723
84522
694
84567
49587
96847
4389
84076
469
63234
16401
56277
88653
64208
955
16501
47295
94242
27266
53934
65092
77616
67156
14076
12350
77674
50536
93116
87070
96348
22639
15144
80869
23333
99710
46808
36531
20450
30883
53351
83683
63635
9627
72336
27842
26933
5188
91488
21174
32453
61774
2618
10068
28929
16693
38769
22955
67228
31884
10024
79928
70875
25167
77148
10559
24876
23955
47089
61678
71189
16791
45360
51176
42769
34047
95369
86053
39234
86857
23578
71687
48630
26195
98106
93910
42887
36875
16864
26467
85110
26887
6394
68405
83541
82894
93281
23848
46334
71310
95036
63124
16669
46211
5892
50716
41580
91944
89949
44788
15522
77987
93417
58068
92445
87326
45671
20542
27421
30780
47428
33814
19468
15833
33706
2361
25465
57553
48695
13126
52589
11818
29794
15151
34062
96861
73082
42357
86810
34221
74230
81148
27637
32298
73592
31315
33252
35614
51856
77024
82746
15635
27189
2213
60894
4573
89635
18447
53267
2760
87387
81437
48906
2537
15498
45766
91971
57854
48927
26191
48436
70180
80733
20018
17846
30336
55632
7359
38377
18039
34547
40589
65858
95440
61513
71844
13886
14780
90956
1272
96216
39861
20161
28065
85626
28483
2270
34553
71025
50705
80979
41204
31437
17348
75401
61772
89331
61453
85482
27707
95844
36380
84647
78053
31820
46160
49896
62057
77291
57203
79681
73506
97063
16193
17922
99041
44675
20191
49945
15699
70896
30923
73255
18684
64622
65007
96808
53953
42812
82289
81659
38655
18669
82658
16707
66840
45169
82954
45248
22459
40157
24928
12316
37219
41120
30237
52611
2146
50427
2555
34197
21322
33477
7451
56358
98099
88809
53165
52051
31620
35453
50061
70274
70473
49070
3332
53664
10590
86286
98912
33048
42794
23839
61715
96364
81311
91951
48975
99808
58730
51529
34004
96403
1358
57806
52760
15808
46615
5924
84210
94586
57729
50622
64860
44553
99692
84543
98217
26633
87180
97128
59681
29973
37318
21395
26337
34980
29698
75311
34788
88427
43191
68791
84829
44548
42949
53941
76707
89563
59864
60916
84148
33944
11538
65359
78497
27581
66254
76713
54213
53433
90192
30245
83406
43861
67992
26094
95193
14041
17756
29980
2467
77298
15122
3647
21846
74422
57587
14904
63984
33803
75820
64484
67746
3709
46194
46242
47641
12447
39306
1853
65880
45849
48450
6062
16441
8082
1254
30481
25837
47585
49299
3134
79058
69297
41331
53480
56235
33815
77038
48406
14650
44783
52114
60844
7377
99754
73290
63034
17958
55521
25235
82759
37509
31296
15551
45590
48901
62383
87778
12837
11681
90912
91894
97330
48594
61725
40565
21180
11892
17602
69585
26541
78736
38050
3736
2464
54155
77026
81850
72113
48898
7084
54871
86407
54731
70422
31996
19983
49156
19774
32819
60837
27037
41064
58166
75630
19141
98730
96810
31032
32683
73924
11418
20796
77660
30234
74950
71037
12083
63414
19934
35518
34637
22692
90248
21410
71040
26582
70565
7165
59400
31401
34201
16815
5918
26182
35955
20999
39343
83338
53681
38441
57262
81451
59236
51273
11684
50537
22309
23766
13951
58594
59283
48587
81286
65882
69996
68677
92463
56912
75841
68214
88313
26393
85028
10582
52574
37335
47933
8269
37024
17965
46709
94285
99415
22296
61909
27450
72832
569
67567
86782
59163
43201
51720
56800
25434
38067
25476
17896
94979
1316
2461
99643
27708
87489
26576
96633
41175
74508
21253
78198
92473
67961
88835
8239
90256
50743
52041
79440
51312
19607
82573
26826
79160
50645
99977
4593
88711
25452
22489
41
43119
24949
99683
87178
28789
26259
162
69963
17118
21415
64513
25942
5727
53347
34181
12335
20441
86221
91774
88104
22179
74346
14929
1338
24990
14905
5931
30053
56708
44771
30093
16178
86071
46128
19707
31212
88738
19869
17526
5855
57635
82038
31797
63361
51736
82329
75695
72177
84901
67468
60280
23431
91561
41121
99507
22817
63403
45911
79525
8173
76004
12054
10595
38483
31761
58158
27220
67981
75684
49426
25615
74073
97574
5327
25809
96254
81022
14337
97506
64841
74616
20937
39358
66176
55217
5345
25459
1127
1221
49983
93482
13274
76929
31964
61386
35087
75535
45718
10770
41313
87684
1194
38886
93011
27002
35140
90384
57690
32645
71576
32306
69933
10934
14833
31989
66150
20177
73799
83628
21397
40133
77110
51023
17062
25425
12408
52148
960
74478
79269
42272
62161
80462
97509
71523
23816
49000
78258
81505
81645
49834
30162
67929
77119
61347
16270
59620
97875
90068
43247
19272
30201
36708
86646
63614
62133
15405
15761
79444
89882
95029
68395
91842
51927
39917
32009
927
18175
29866
98923
84360
60027
66851
61478
37725
83120
21097
35600
89540
80695
36092
17403
57868
99705
95887
73272
15465
91682
63154
26845
29748
47900
35038
98026
67047
98952
22342
13264
97874
23053
81077
882
11015
80548
21978
62966
70087
19025
34188
22530
52779
92055
22234
48665
65326
54050
56698
44831
97246
2797
92730
48636
822
96898
32034
99774
35591
45297
13999
58644
34938
11427
59525
62304
91975
97855
25269
78413
33231
59456
17295
86009
51510
39528
51025
33188
9930
7722
78018
23527
10518
87100
72162
11339
83997
4195
27464
35939
49491
41463
84429
69241
70459
63084
77567
84665
88353
55980
17895
47808
89626
20255
15670
45505
71279
48857
55434
79000
43226
78961
5869
30325
67474
17207
30673
88021
44671
66612
37511
2485
77545
38291
71725
64355
1375
65644
65371
6079
37975
99617
70238
27600
19871
85907
73104
7501
51115
28538
86500
94341
23850
92368
41017
7675
25927
71690
95695
70597
38301
49558
89433
32197
4200
77509
96552
5574
43152
78274
28004
81126
77891
98242
8725
97761
81829
5262
51615
26718
8113
45955
66919
16833
86971
74593
42759
75012
86640
29707
13312
36197
35491
61861
40396
12999
74764
62322
72503
53037
90325
53628
30927
88566
78705
45040
89066
76885
50301
57032
19954
74765
2986
86872
7949
6308
77816
67059
81320
64455
96765
10983
651
48607
89195
57399
61606
63958
19720
34108
16995
10044
4087
64273
14962
82791
9312
20379
59675
75964
93762
79628
50729
13099
82851
58677
19406
77019
25736
17077
41473
38852
44412
58476
87459
33606
15874
65416
97564
51945
15875
30910
78340
19961
95182
93301
2752
4494
30031
78778
96809
23792
74758
47537
36890
57608
22566
72648
50978
64653
6076
8803
19856
50487
67278
23666
445
99503
89081
14360
51447
4955
45269
29786
41268
56802
39439
44019
77647
85821
39148
74456
25965
13905
38344
79206
87865
77261
51853
55194
41913
57929
63996
78121
24767
31273
1786
25211
47127
7219
55922
14925
28525
1190
44711
69792
74344
501
51990
2673
85662
26445
28637
15918
81141
7843
20134
58401
76047
75328
16666
50327
39323
94786
91446
86948
12923
16656
34074
20141
72578
48999
65018
90119
10061
51161
80814
26913
81323
32804
29585
83336
75600
58222
99253
56740
82416
19387
15141
58462
94714
31806
25141
34036
42943
16586
20983
55865
49593
71409
92358
38522
20407
73727
44993
46819
24887
25806
73731
22561
58609
3315
5896
50561
77888
5149
7300
60303
40887
38792
35117
86949
76609
85987
46243
93194
23322
18460
42786
94730
10817
81308
31488
26300
78306
25781
52105
68388
48342
27066
88054
70589
77626
65942
92089
1277
42596
32975
56421
94064
84926
59721
70672
87265
22316
63865
10586
40775
23003
21667
51591
20662
53154
52485
63313
47811
78265
31769
16198
42958
58834
20603
13547
52811
86544
21987
70440
45492
54962
43212
39555
56239
2932
26579
43503
25247
90443
54088
66021
29797
92106
33963
50458
61611
2799
13770
9421
97416
45539
41970
56725
20724
62573
70271
89887
65468
92258
60326
10959
63571
3537
66866
19809
22820
93444
79664
64419
238
50103
46791
46387
42209
80754
96844
3819
99904
26966
29592
97319
88856
87913
54044
9579
66837
40666
99465
32305
49275
76142
59615
29197
79678
42832
49006
18850
52627
28669
83268
52865
78771
30058
99251
37331
27163
12446
41150
27067
39411
70741
40737
28266
75005
94780
54197
41842
51798
70013
74146
1072
46155
50112
46621
42184
92944
95626
61033
45570
40646
44300
14786
35768
90710
30388
73099
17872
42834
30600
44938
82244
1340
2027
26862
92696
13158
97410
34537
64955
67422
8682
82379
13576
75146
28999
55760
68089
40976
16792
30010
97973
77444
44796
33740
68153
75183
6838
86024
18016
37437
47314
16612
55128
65692
59825
47824
78849
57234
82360
43804
24655
7394
42534
54583
82539
87884
26694
66979
28859
59837
96988
26831
37280
58135
76922
21784
33318
83760
24160
67685
37548
87825
648
9028
53516
76824
56851
32364
34057
55562
92519
75064
79307
51404
45998
78197
39287
72691
45175
84497
32527
58515
27679
86159
16649
4601
7942
66318
4712
32101
50355
58611
36277
51002
67638
89792
44178
40840
38508
78234
31026
69649
92060
82430
15646
70257
38068
4688
31783
38917
37215
90297
66595
39725
6946
87547
47666
89615
96119
39969
50869
32395
7323
34858
38539
51500
75698
77046
46085
88451
24423
32086
96862
6852
47731
67118
61272
68771
98901
188
22337
89197
83134
62061
12494
70681
26078
2109
79290
22196
58429
46510
70943
65751
81368
25833
33602
57065
2878
79687
61867
27300
11772
58728
50504
75854
42198
11775
44624
57450
28314
66960
46646
11447
45372
75492
98479
71450
93952
77769
9997
68732
24278
80939
34483
5645
6771
84436
79061
26000
64122
57279
53300
92245
32359
20155
68099
74556
31929
29074
32005
76594
12386
95002
4392
57757
86845
2871
29206
97148
96991
39203
37620
36493
16714
43265
59616
1149
38677
85615
65271
12308
55266
57515
44666
75420
41965
35573
23700
71039
83929
293
83424
78930
21037
57532
82127
40259
86738
79274
37249
42292
45153
74868
95136
61866
34484
54751
63015
89513
56718
44637
1820
11983
18503
62837
87403
60468
98409
27454
47858
82337
44099
47633
77618
65135
5164
59744
5393
8253
39018
58993
66896
84170
33860
62032
62388
84696
33134
41754
74208
89851
86390
76027
18186
21244
55215
21940
98063
53623
49393
45920
52311
93491
9904
29928
74977
15068
6024
80369
39672
45041
39361
22920
45562
89573
84951
24301
74268
34436
66054
48475
40639
68795
40853
58824
90039
96067
97115
88101
66041
46507
50373
34703
56350
60276
64630
31326
91695
70653
11695
47719
32045
67407
70638
77607
56979
71940
18259
31246
6375
84313
96072
47013
53107
36924
22188
43145
49342
19302
47598
31734
82161
97970
66436
38510
74597
47418
86187
82644
18070
14233
30362
66467
81640
999
60425
54970
72938
78683
86216
95664
62995
98639
42677
32454
51915
81216
91950
1256
518
39547
82678
53868
15777
37539
44817
63194
23725
27460
97616
37958
57821
64082
19597
75171
24506
74566
64460
3188
77133
76475
82535
92124
19151
14988
44038
16719
6937
45293
17236
62836
94634
99913
16703
26763
53803
77871
89956
77527
5330
87571
15484
79502
68004
51432
71024
8861
42350
51835
28401
19482
28310
10935
11605
63812
42274
55642
80530
65562
17287
97765
28397
28272
14029
61452
71386
67831
39322
61342
45358
44652
65264
77193
40505
49620
28625
11529
58480
70974
63363
86880
6807
91672
97814
34764
55484
56439
6757
36013
22001
24043
50130
50397
68667
64158
28200
40052
48341
67522
17745
10050
99361
87242
69029
48980
32218
96909
7459
3191
60272
10691
26350
68295
24856
61113
23778
81295
67869
76143
3295
8264
26272
70043
76930
6781
98243
33333
55121
82116
67430
81522
10640
66790
68764
96020
15769
981
92929
39579
20524
53200
50269
46873
37846
75125
7985
61624
72771
92205
54118
92417
468
96741
62459
77397
19873
77053
27082
74994
75520
94511
72867
61300
41630
98531
93420
58963
91459
49350
79486
61010
99619
42710
98855
91095
67046
76830
59250
30947
72633
59718
44039
35091
53466
63912
28496
80547
55257
4015
75057
28123
6526
52708
86105
5056
46127
45067
12866
95477
40904
73875
83613
72729
18893
50658
65911
82757
96857
55389
85976
57248
6831
39442
21159
51678
19988
92767
72045
11397
20889
64104
23345
16329
26583
68411
29194
38411
25666
19420
49857
9278
92148
68749
76287
58058
67857
2546
71267
39597
4873
44866
62779
44314
66024
30809
80654
75142
2853
8402
12382
14126
72505
35727
30454
15439
4137
75999
53849
95418
3705
55432
3917
88805
48071
78327
56661
66968
12609
88192
10810
75388
32506
93185
6196
29511
68326
25400
37912
80707
39525
26768
16433
86330
42207
36922
62328
96055
99428
74097
99760
54859
78013
4916
19281
56339
61577
2600
22283
74185
90792
33092
65924
39649
42628
88471
69159
10953
13870
23422
8012
69746
50189
40796
72427
92395
77717
51106
88450
77144
25202
4561
48355
19567
9476
83987
92257
87404
2939
30892
77941
93730
80335
43864
49730
22963
32335
18888
33915
62556
58661
41926
48654
8849
82722
21080
17596
76790
88538
6045
70286
13739
26957
34992
49657
52784
35330
41914
40188
38268
89157
34480
48349
69491
78343
98078
92453
27029
33317
42720
5937
91977
997
54590
17178
83718
92021
34773
76860
80558
57169
63497
10649
84125
14840
60305
53260
50169
18570
9799
4789
7726
44278
53137
77217
38973
86021
66001
883
28740
71937
9212
29737
42878
26389
29806
34899
61161
23017
31808
18329
2865
42456
18805
17704
19113
72064
67873
37682
81863
72661
61760
42492
42149
55328
81464
9715
41348
47465
26950
86440
35753
36161
32528
94983
62549
78685
29881
23709
1702
78040
58389
4566
20496
38622
55960
65608
6494
9993
63822
95506
71752
54006
27079
87777
63721
84779
51593
90670
87570
3698
26830
20097
98680
5730
98781
44912
29438
16834
22951
87826
37752
59798
81370
76373
15757
46977
99218
25750
10799
94723
13853
17112
65080
57284
21240
28800
42062
89185
35821
29631
92882
79002
49727
7913
84731
64859
69176
30520
98045
8478
34697
35796
68276
16066
12168
384
63043
11385
42485
90193
56338
7304
3890
13621
44895
49042
72034
34079
84862
1664
26960
80216
67742
51224
81298
48952
20399
28170
46996
28877
62866
99143
97152
78932
11310
13887
58326
39046
56372
48518
77856
29061
72173
81746
59033
17067
30787
31066
51146
32000
49081
94457
28567
33174
45681
9865
98477
66079
38034
45473
94955
899
44615
8458
96182
72277
38697
70859
27674
11420
19376
5530
40480
7900
3627
15864
24967
50765
46929
76112
82764
12361
86920
11331
61886
32600
37547
60362
98679
75580
5834
9985
92830
66801
34795
5364
55429
73491
76222
83102
84910
11950
4983
41741
36201
8609
57604
61167
75725
20884
53630
58489
49596
40550
86171
11481
73149
40069
71842
88179
94028
14516
41181
60828
49310
46544
16256
39152
39118
15709
67419
20692
98505
3619
45652
72460
81138
21377
9695
51119
79865
59290
91668
82387
70770
81169
38807
85699
70806
52990
214
11986
30169
65875
74882
62776
5026
30351
78485
45438
97769
99176
60294
17739
44827
32753
98876
82555
42447
49995
1736
58014
61157
88857
39182
16315
47820
41233
87120
17161
41446
15458
47330
7321
6691
26457
28698
37041
4941
74136
34809
20468
34429
68899
81647
83534
84127
64201
25980
50473
42972
44068
8486
20480
32924
64020
36795
97095
5252
40266
14256
63049
72075
61585
70369
78765
88041
99067
15805
9334
89554
66965
46153
40334
52216
27799
23867
36342
8352
66199
86814
51323
10266
11651
88154
43189
92022
41300
40284
97273
81566
54539
76674
69992
32475
63394
48757
36867
78812
80913
62552
68365
47878
8705
25051
93
36503
65269
52786
61206
39599
12528
58084
67601
17034
17625
59623
58333
57908
73247
56250
28798
49920
26242
77624
13314
91350
30842
92125
72262
93394
76842
36491
2098
18244
52935
54952
99864
5720
16158
47683
61670
45037
5766
29271
62070
23390
88893
36755
97649
62139
93004
42798
28411
35597
20421
58076
26946
51263
66552
99208
44656
59745
52050
63105
77988
4985
18056
94204
10704
34213
41886
88726
79250
64003
17996
41319
87393
23240
78073
1393
1730
87429
44191
30140
23025
80963
88215
49971
48577
54767
65530
93232
14511
17579
56336
8851
38915
74392
3054
65971
24956
61291
54696
4205
25293
61876
29037
95930
56300
30430
14011
43728
90972
44151
66753
88286
48717
33075
36863
19835
14956
46446
50698
48886
2782
59548
87801
93525
78953
53771
34832
40243
8466
39037
81887
97508
17264
10924
9789
73563
57705
23799
33643
48676
84301
16747
36961
33018
49821
90175
52852
81128
36621
19901
30013
55754
95800
17813
65630
74752
71583
461
31346
96400
55849
13233
10259
73112
40508
20047
63027
98212
60198
96669
63239
44498
13415
16551
77515
79587
6726
46719
60714
43346
82971
90726
99099
8539
81080
69874
96473
81540
17572
9225
37389
30804
19483
26852
71311
55882
89878
85874
16079
86546
49112
60576
99960
65662
54443
79546
72387
17513
32084
483
47337
31182
95605
72227
12261
65479
85051
10153
83050
94275
63893
30205
30110
90744
17867
2343
80622
3740
18421
83519
52851
95348
99831
34864
66142
79376
7251
83654
35987
55686
489
99675
86868
12445
71901
15480
56951
41984
93676
67578
5876
40232
14039
12972
58098
16381
93593
78189
34801
93463
47391
46500
93293
82255
12642
89021
5857
12647
41359
61542
29487
41033
64761
41932
29285
96593
36206
2587
38576
46234
86516
60804
86465
554
73775
44563
16934
83719
39103
68086
77181
86494
14586
86826
68748
43579
75846
56225
33556
52497
2064
90940
33610
43995
20224
30202
39162
85129
42785
25678
45932
45602
26231
19706
90164
59517
3424
45618
43954
96957
32111
74891
83782
17210
18469
75979
8165
91046
25886
77014
93109
16825
10623
53455
53400
57176
50006
92561
42304
9143
34590
88236
71096
60821
24293
61259
36689
27717
23228
80642
41025
55339
55533
41158
88900
90353
17136
97065
81398
43021
90430
74506
76197
17404
27960
29596
74579
94318
33234
19812
73098
21469
90907
50270
45762
68517
86958
89830
91744
83951
47206
63434
55835
88363
52334
46188
5498
65750
27585
64870
56179
18443
57418
89934
62754
3365
64512
73423
41872
97745
9586
31321
35566
492
97942
97679
85360
1251
3860
93456
85202
51065
56889
41036
39427
25574
87223
61276
91323
31160
42497
63853
49602
99914
53786
28707
3278
34649
2130
61501
32394
11715
92822
84311
28559
7115
98341
13918
8366
2200
9919
69616
96966
50954
25394
22539
54529
86669
30214
2040
45517
94066
67993
45430
47852
96699
65059
98852
15180
26559
47597
26895
35732
31907
55453
42847
30247
85722
67564
48798
25799
77482
18413
22764
44787
43806
61654
15667
46826
91867
17706
92342
2285
2050
54123
50136
98749
35533
48987
13928
78444
96584
57174
14175
44842
28978
73373
91441
14700
57288
40238
56850
34769
75003
79613
95908
35160
41266
11574
81986
49485
45632
90679
51769
47681
61154
18256
62781
96686
83594
93061
75129
96529
50234
5656
41371
79212
95380
49163
10263
52668
89400
67112
3788
63076
99695
15914
4341
11269
97899
70177
56900
4929
21945
20932
66082
40200
83713
79120
23794
76773
70600
36674
43358
76255
78044
38921
87987
27206
49183
40654
32958
16294
44441
13711
79369
44136
29624
62
71756
43874
45007
65155
8535
65938
47588
48734
66002
88879
59126
13659
25553
18836
6265
19948
57756
94251
63506
6939
51256
12815
39584
12049
42877
35305
72536
88853
35366
44291
49078
21955
5649
14232
30489
87938
61820
95575
53940
21230
805
29417
34888
42709
48252
41153
62657
6008
51755
42514
29298
3011
68881
15059
14556
20537
87594
3408
72254
48236
52486
94209
53884
83069
41049
41821
61240
52975
12112
82470
53780
41529
17357
96488
6132
74861
75496
28491
26616
34361
57788
45978
6040
77388
20596
63557
81333
24003
52163
29568
92840
46371
99803
75909
3771
41623
37148
19617
26877
11615
53326
39716
34098
44538
31564
62589
87505
36728
33482
88316
96100
27221
8911
76009
8553
49265
28171
54472
58457
90893
54274
34365
12249
87864
84112
82335
23833
27340
10301
93510
83408
44398
38047
14971
23338
25552
76418
1913
88869
2606
10823
64877
11158
76440
9399
81982
34896
16643
36255
85612
27658
48503
89827
47189
55461
57489
7168
38868
1887
45215
70190
41576
87118
83787
34345
62502
2052
23214
65107
29226
88090
92617
5665
13841
74598
30483
27204
42523
74492
75707
48702
2613
22895
62360
74425
96736
85880
29644
14974
47446
16185
56549
34563
16323
90894
97064
18374
30459
78523
47600
34900
71139
48740
45736
26528
72939
85402
70066
64997
34103
89030
4244
79806
979
98694
9449
15952
46139
41985
88852
97053
58308
96097
10468
93033
26555
88990
40632
61455
60128
10248
26546
22215
53127
22120
11506
38528
8538
92854
72631
13919
97097
85445
93725
14427
490
19525
46730
62980
61510
35582
60032
19817
48030
86851
12849
74585
69833
52391
52320
96432
78936
90887
1056
2392
4437
25945
11597
77067
39863
25046
78863
33587
39472
79352
53112
86202
58683
30973
38135
18714
50789
86164
5565
79989
77100
97757
66173
29490
50076
62604
8426
57314
28513
59705
32950
51777
87654
26368
91639
12699
5231
41578
52170
934
11041
54723
59617
42013
9209
94682
9153
11725
16598
5493
88824
30706
71666
34666
97134
50621
59443
54447
79134
85275
30504
28435
53403
18157
54802
30855
76384
2970
99376
77318
14010
54099
53286
56022
79659
64319
81526
91383
97269
87019
96559
27974
58684
47576
41459
25656
7018
95906
21141
8644
26409
49575
62046
44565
4377
23438
91771
80760
26408
91146
74429
56769
61596
44066
29143
41255
24737
10668
48989
38357
97686
45547
82682
72721
93122
24141
98377
16491
20046
19517
25134
62806
85444
87179
23722
89820
26969
15492
86931
53376
6637
77712
10144
68233
38129
55638
25839
62865
66306
74827
80343
20374
83903
53064
29847
8043
62690
44440
3660
87823
7245
89103
91354
30966
95274
18322
62809
98557
88049
69445
76268
14544
54029
30748
70182
79867
93613
52839
54694
11185
33181
91419
11439
86244
37617
19481
70387
306
80272
74047
4481
3868
79501
12186
51185
91127
46859
13993
89683
34907
99790
82302
65802
70170
52335
50037
6661
5173
21082
34198
38354
28852
45636
24597
66468
81469
11336
83126
61740
85382
87606
81234
16143
72360
63001
47137
62042
14259
46926
60695
96412
17095
73744
48747
83483
96756
53919
20916
30953
92272
49767
76589
33221
16235
58057
44556
99360
36148
46289
3317
18107
35811
51251
16234
98811
98387
94627
29421
61664
55322
25832
95110
29065
74578
94945
42172
28497
15860
73125
37120
65627
66065
70340
81861
40473
31247
97572
76620
93887
17240
94727
37761
53050
45977
53994
51860
60715
64972
97632
22378
20293
23463
33839
65709
98041
28783
7881
42889
44643
97357
80008
10269
79773
66700
8481
20245
14298
22404
96864
8185
39643
45945
92692
70270
16290
60903
30984
81261
58534
69713
1554
81996
19904
83614
96388
48686
7846
55628
9680
21554
35636
36300
1326
18687
44780
21570
32984
67183
34786
41168
6825
59079
3464
15868
29349
19753
76770
76684
1014
51655
62749
18919
50003
82652
18884
46390
31337
26730
2018
57369
64635
54005
93668
65961
89043
38448
3882
38378
21982
38667
95898
45159
14098
61026
43446
19114
54148
36481
36479
5802
99229
55397
72156
81880
74280
18546
29569
17361
36915
86937
7271
80604
47956
12665
35403
51837
51042
57385
6856
46939
2543
20953
62652
79920
80750
81765
50419
17230
18243
56221
32811
89991
28376
14690
64270
63273
60610
81631
16539
63898
79978
40161
44502
27933
52825
96256
96121
20219
19328
67157
88886
40280
29808
68806
37381
27924
19224
54611
62518
91796
87421
52508
36524
18462
16778
16148
79072
14760
49039
42969
11089
89199
3822
55373
58376
16430
51493
78594
86421
87173
62102
75307
8262
60464
36185
96039
35795
98703
87835
39567
67562
40710
58028
691
56857
53451
31802
5895
12772
42890
11446
32945
98262
69821
49374
66107
48414
52147
53279
10515
27453
97082
18776
4268
78266
71313
30412
86367
4492
69978
53928
45201
44358
54619
18410
97808
86420
40656
10579
29310
52101
59876
43923
38273
9249
10029
86686
61395
13553
5199
93093
32328
25818
87710
19992
26124
18122
6358
46967
4451
60286
8520
48808
26929
62968
17675
83936
89898
46984
52389
49773
7259
90661
59022
93699
36768
13298
58319
6390
55930
84136
94099
75922
26611
28572
82279
33023
58916
82097
81830
73819
25377
44797
91494
34695
54829
78052
84467
62087
85065
59840
95726
78763
12960
25375
2365
87630
48116
58294
71765
42214
50567
98376
87138
32846
88305
20160
91761
70401
18341
81932
12129
63138
89777
37792
14184
60957
15844
15002
39396
908
91194
35121
79670
20505
76847
82034
8134
24962
56679
79898
83527
7246
94625
70664
56443
99281
90823
64555
86033
62838
98161
52614
35953
19188
13571
68148
50541
52966
69055
41734
4438
65076
78590
81284
63461
86723
6245
20139
82973
89771
43736
93949
76787
16530
93230
67609
81085
79262
93124
43922
93775
81776
12888
29727
17315
26458
67856
95775
83280
25941
212
64707
4531
97847
28167
91253
20443
64657
90577
26565
8393
84526
3351
41274
77755
22358
73368
80435
82632
67142
62211
95519
13220
95877
38328
27445
63732
34102
27076
89673
50665
91782
10555
64863
18159
85305
84605
8736
28221
9349
93261
31572
87367
18883
89332
60734
99317
71963
44228
77879
83833
73756
22160
1244
53839
72613
28319
43511
23277
36453
70417
88139
56400
88576
89795
57356
97311
18015
66704
90571
33678
94289
84820
23009
11323
15601
78367
95155
5752
68474
33666
6995
22313
6278
51665
82175
45906
88117
52592
50396
60869
41167
56542
18224
1280
61751
40494
51309
56039
41665
90669
27412
42153
18343
59365
20520
13497
65116
88993
63514
88462
11305
69791
56478
9832
32048
60947
62423
82443
21815
19941
38984
56390
74769
29891
74021
36519
86736
25329
8909
15997
36320
70553
34339
12036
7424
64187
77151
96417
44052
81964
24073
30194
54794
50256
62241
15740
12678
61035
53906
48970
16370
10295
23738
46261
84316
76608
49348
25996
85516
77748
58345
38188
48301
9035
50223
72076
73222
43726
68492
17273
42041
8917
63819
96834
59172
26059
12573
88202
87094
66478
37171
19815
93125
82427
93792
31775
19787
55736
9522
78131
10275
74174
87166
76849
46250
76739
20574
31093
10363
78967
56361
74181
75800
31885
240
4725
20086
3685
87554
73608
39851
80678
67220
22278
90821
37440
54052
10608
93175
63573
3449
92255
80297
348
68993
17223
47792
79356
96189
4153
53536
88340
36037
70127
9416
72474
90163
96970
62433
30014
93999
29653
52291
67092
22694
95427
60266
516
80066
56716
92771
76714
73415
78115
10288
21207
57470
22828
41711
27358
27520
13836
36935
66572
20351
33904
29004
50364
44255
75008
19006
45426
42099
41699
40852
18716
60668
57719
15133
17384
66841
8199
7150
44956
18486
44708
18777
57666
86418
62486
85185
96868
76322
22119
63439
96672
72375
8795
63387
32981
83802
98744
78406
42253
56794
19257
60968
17461
93327
76101
51196
60168
84299
58346
21475
19136
19405
40251
76801
22175
19089
61985
19042
95410
456
98833
8433
72830
7627
88171
5810
7780
86914
84215
50032
43707
19823
11000
29501
3452
28715
6020
4102
3412
27494
23237
22816
84097
38
3185
78374
80384
14946
78829
79216
39730
68010
3194
27900
90171
10973
31165
74385
61005
74871
88356
40060
8159
97455
46079
12260
866
89925
51848
40034
90373
51885
9909
46611
81758
24854
41791
77325
80935
9801
80518
25186
99971
91491
90708
68847
47572
1266
73554
16312
57677
81712
13767
20108
10323
26384
62170
71017
16756
30407
88744
26664
77017
86853
18807
64178
48803
28607
44695
90340
44930
52537
63041
35637
37735
10612
53254
11288
43275
27283
9351
73393
63742
19673
90125
81843
91745
23232
96840
49895
5617
83693
34115
64222
99269
69382
25268
89608
14311
94157
52648
66299
31891
79611
35904
43179
22885
63186
12630
43279
88554
17006
33403
86748
25102
56634
98996
38294
22880
4612
21986
56994
45386
2559
56262
14767
27826
62221
45429
14868
28079
53873
10830
63983
