57138
54451
98160
91386
77416
77728
62648
56626
89909
87874
68869
44532
22015
28510
95868
69532
72213
74952
50036
17514
72505
58702
11942
48463
6323
54229
72109
59293
24882
7889
10922
82019
78692
9081
89756
72459
86809
68756
29084
93069
72981
14304
53952
94995
59165
49820
80879
31378
41123
30914
48891
13627
5967
77184
78441
12289
31412
50549
87934
72646
74789
98855
71016
53480
24288
60772
42290
11096
45879
71374
20516
18859
2029
74467
30206
61194
40638
11084
92571
81760
41997
57813
11738
47963
34997
90178
76604
66408
57078
64537
55405
48219
63391
26421
18050
87678
87192
60340
15125
33070
31713
51992
51928
50093
42811
82133
11286
83448
9568
3856
81560
51564
61669
9649
15879
13017
16179
92482
95776
73256
57018
51181
37826
36760
77601
55876
40790
81144
16215
55914
14213
64279
24258
82492
14371
67068
80977
25657
66867
90544
45864
48426
58460
23884
74427
90690
36900
90605
83171
32676
80212
56540
83856
18038
93299
77808
73913
34088
58951
6479
6354
89515
70757
30611
88358
85127
14030
69334
27135
80896
76230
72999
45674
51041
96882
20100
41730
50134
10704
41252
99161
7267
97791
99368
25304
7441
77175
15568
57881
36125
22046
80586
25639
9154
27548
30348
94281
41577
99682
37767
22472
92263
10765
68145
59655
23999
88244
1384
74132
15299
42635
73292
38918
56777
72659
80573
64217
66185
96141
38449
2309
34538
19034
44299
43692
46581
74646
54324
4509
90679
92090
26981
99293
19207
11477
58947
43205
16073
76682
33688
47723
35668
23331
86640
92444
12341
67213
73013
78525
79705
27813
97185
14242
46847
57835
74285
9779
48832
44960
14288
39511
37050
57620
55155
72608
85448
30454
15812
1520
7135
65851
65595
42803
89181
52234
51598
1521
19446
40962
96397
15502
68775
9933
29744
31973
67767
20380
41751
16598
65340
72390
72460
18741
46361
27615
91348
48161
74420
23511
49680
81554
89361
15274
40708
78541
83860
8658
96413
19657
49619
9161
35159
34745
19093
81254
66717
86859
1633
24820
19808
83324
13561
92268
18416
76274
36234
9763
24434
10653
33273
90465
8558
38985
22091
65618
33877
5950
74275
46641
25606
40245
55801
77116
74990
91245
58369
58058
94455
76354
82877
14263
76029
12790
22882
94445
89063
75467
20559
29848
2471
70184
20312
11028
9168
42402
76645
43045
64703
67271
89685
90309
7516
61838
83776
98857
53082
42145
56914
47537
34850
56143
61799
10878
68932
1032
5322
74346
76498
25881
4193
95320
96064
40856
6347
21583
83258
99344
64627
47960
82966
70664
54620
90481
32501
38396
5689
1934
96892
62603
49470
48093
18745
27620
58970
4028
28651
80644
94725
21500
22876
15269
16819
35291
56124
39518
56873
55733
55213
37852
3693
38178
24867
74664
45011
73719
29411
67051
75652
26302
29653
25122
74394
64749
69093
49716
85128
97744
30359
79852
35595
53234
11472
52414
4876
67596
8283
61748
23328
79847
15951
43372
34376
40817
18036
95738
14535
63798
62789
90187
90100
92441
31660
80845
73542
752
46912
58669
14847
77270
54873
50442
46855
82696
51730
50291
43841
29830
89971
23687
62132
49694
58062
2949
84081
53800
33835
47879
32940
40373
54330
25380
88384
51526
15273
89136
98438
90294
20334
92059
45166
70775
38914
27861
6333
6995
94504
50173
53176
826
90211
15308
66871
48273
34608
50952
18424
84794
15182
51363
25167
69511
93094
13550
37388
24719
19037
35825
15012
39371
27884
60177
10145
83149
4389
32830
6495
15244
83002
76023
32421
73213
7682
99292
37837
42289
50243
72612
27082
81776
40326
68600
67638
33419
82150
5025
58137
1186
57202
89500
40556
85085
49676
67053
84585
70417
99882
7431
2012
99235
83453
34433
88799
91134
33724
26635
49774
318
15598
93208
82093
55923
61807
49730
5694
60308
71106
63830
77846
28307
69682
18401
29743
19357
1805
14327
6125
21758
8137
17273
21562
42569
6071
29048
92644
49058
95173
92961
64655
88380
91405
20578
66539
57486
26271
26846
28591
6452
4691
73250
76133
39444
2992
11842
57600
33671
34318
75638
71780
58806
92910
93341
17726
15332
38740
10369
80741
33913
19681
22292
11085
98677
88830
68570
41299
32028
13513
47750
53070
86762
40235
92513
89753
68428
50113
23423
19097
42102
11554
77903
4895
95628
66694
43634
22349
63787
93898
42029
25534
16190
53114
24210
21371
38035
65508
53398
51547
29609
6468
38308
86195
44413
70974
81796
84187
90071
23897
95741
84325
75259
16987
96304
58305
76972
18652
38443
70870
77033
63976
87059
46498
4537
24781
84532
86396
94531
52431
32356
17350
90738
18551
32681
51502
5876
30829
35689
95946
54725
31429
80270
46336
48415
92926
20992
25386
11577
59434
12607
4961
23409
99665
51458
44297
40798
52342
30692
35328
4772
63047
52677
11861
97949
1709
63363
3825
32537
99051
16122
3614
46831
12744
66301
11597
5669
87292
53334
33597
46725
65941
38558
70133
81957
6367
30781
22754
58708
77824
58081
63479
40870
27109
75340
55171
28818
38702
75347
77706
54104
7820
97671
934
20563
63971
28882
42583
51262
82215
92532
97986
48155
47441
84470
30112
53807
15250
52865
12515
93073
27298
92345
50295
54406
67684
21817
99575
22737
97163
77281
93192
21334
74951
10477
41897
55274
39358
831
6535
21573
9714
4521
86079
57154
88990
27313
20592
85407
39827
13664
12704
48523
80310
83461
32559
2126
83036
55295
15640
76668
48487
36974
67970
75315
95222
23243
14673
96052
29778
52597
22118
50650
38675
79271
55991
71217
6583
76582
56623
62761
6598
85678
11284
86907
85490
43842
5385
84877
15488
21024
61544
80326
57997
45866
55641
53218
69108
86665
65622
15237
39261
87739
65886
94287
83361
38229
65503
6296
14810
38477
69056
21407
40506
96691
24666
25996
56884
30050
10872
72372
67425
72416
69049
25422
34633
41041
94991
3740
27705
60612
35329
66965
64702
17566
77604
64415
55794
43106
70710
86956
81583
56117
24714
22088
52808
49379
48083
26043
95780
75307
14766
63205
64074
83815
4978
98706
41207
99968
18797
68912
76932
54125
52228
57985
88043
29831
22399
60188
72937
9460
47143
70871
65577
71857
9310
34736
37587
73745
60778
49719
49051
75544
12923
13124
75710
34252
28181
16916
34219
46977
2179
27502
17454
54407
85487
5496
589
24237
65683
89877
33697
29178
60747
99273
1034
86409
50360
54972
60153
11137
4690
9203
3032
