6509
1067
14778
72092
79156
92259
72637
84321
60434
32924
35286
44696
72221
7592
16896
29694
8409
25932
27233
44080
71181
52120
21131
28919
80668
69797
35391
2720
10619
9415
77211
33479
26833
8341
5570
5988
599
94559
90308
61032
43834
41946
5727
16055
49537
38975
62100
74297
81258
89332
18376
52438
57803
55858
81357
38470
25654
33099
57541
52624
42513
34752
86102
85697
43092
91672
91684
60042
2582
98343
21073
46415
40288
43151
78821
6176
82125
40920
96824
63382
30251
31551
32172
88053
87409
29880
42875
29414
62978
415
82038
21842
51518
68139
7538
10961
76162
15573
71002
78743
13915
8426
41510
70555
51577
20330
93082
50053
61250
6258
29787
7852
37808
61958
12257
41568
91837
71483
87334
54814
88249
69371
93007
39767
53861
50727
30023
32468
38081
25117
62734
46506
82978
49640
98082
3308
59074
48135
80909
65331
77921
5112
19490
39878
17368
61058
48066
88850
48391
19231
77099
34113
12237
33217
87973
29132
295
34347
77951
38375
75816
57036
84881
58793
6676
82962
78452
65749
47448
75712
31079
25368
80824
66920
81597
98191
27977
29662
3393
92719
65244
96843
26831
77480
30059
31156
22963
46705
65502
17265
85080
57669
74301
69960
16462
80976
69273
11265
63076
16721
86977
10506
58440
67800
77425
56389
65990
5402
2402
85734
14472
67646
82576
57655
45125
28986
88810
84440
75691
70663
18056
60770
28332
92356
47081
61145
89683
16353
72409
52758
49425
59385
63263
7865
43536
57040
64253
25878
78793
66654
11611
93264
50651
10539
50918
95776
39524
39727
96567
15214
26742
14622
92335
55073
23330
55767
16217
13012
72120
4977
82122
21544
64362
61736
45760
7897
18775
26364
50126
97567
9370
61737
7183
60020
72275
58100
72147
28150
14179
68713
59716
99687
52050
12344
23016
7817
28560
52379
96288
49888
34500
34183
14249
96236
79943
38498
31362
22658
88623
28929
32027
66711
36111
92047
38985
10562
64193
67135
41092
49258
43202
98363
48944
95251
10706
88311
19419
55617
40689
32058
5505
91541
66241
36105
4128
62535
90954
35489
85192
95929
80769
17219
62639
33231
25617
17976
43793
89809
1462
1236
39066
44663
99599
4361
56265
10304
9023
75684
65921
49712
24093
71425
57604
90333
23881
78083
69219
14835
13571
70763
10763
10692
4333
73401
43922
29949
7728
4066
19757
9189
5302
75175
53851
4900
95887
10116
15203
4910
2151
97475
70973
26243
85251
28576
32928
9132
6658
18498
23966
36580
89260
34728
63623
93592
24480
7545
23540
32208
27962
59649
57748
33263
51175
11599
38162
47061
38066
69717
51970
56568
67191
22942
99162
52442
67869
48441
61573
90878
66939
1890
27458
56198
52969
7432
66142
77448
14976
89681
26007
42938
65681
83755
92552
16855
11705
30714
63916
66122
16782
32237
22689
324
55179
38202
69117
23047
86643
47041
30277
69933
48930
74086
42482
1898
81517
8623
95698
96493
14656
21704
55782
80336
5458
48333
13543
17162
95398
77458
83283
28531
9694
22323
28855
81224
60525
97971
20623
63519
45012
50899
49803
10293
24984
92284
12191
22852
17259
7888
19344
31914
29591
91477
28601
51401
56162
42143
84914
51559
35952
68197
96442
61998
6871
25296
59573
83747
39618
80195
63617
981
47445
13419
11274
88780
22055
23464
11632
39313
47703
47327
87578
93645
38804
16178
45045
11317
74673
29959
62875
26976
14507
75668
88973
21377
963
48546
21476
56933
45092
85092
57913
8889
98511
69186
97668
36917
9001
25651
76229
73055
72978
80158
66700
28133
12687
28096
39449
87359
74406
18675
14335
5264
94343
19659
42993
11657
84556
64468
68589
46000
49559
42854
54888
64421
12039
68907
1337
37392
10910
93917
10446
239
74074
93497
28371
86761
21593
84171
90471
95998
19197
21157
17614
29891
57168
60606
57900
58075
25073
42840
4074
90983
85693
75313
55404
14084
60572
73092
51475
71481
67009
61920
71719
57434
55417
16441
60546
93361
16963
51017
5710
52511
88525
23323
82402
45692
83928
40301
3767
9000
99492
24192
99983
85185
99505
71738
99268
76428
61181
50742
47908
28189
29013
35978
1975
781
68770
62520
94141
2084
29888
16203
54594
18413
39525
36995
80456
23453
93647
84222
48804
93139
24766
65138
94675
24270
53227
93942
17049
14408
61035
64956
58948
6399
17285
60922
23532
2406
39794
34024
4489
69681
50226
75434
4445
89751
12429
1253
29555
22427
1826
94710
31917
26591
59848
67212
13074
36884
84260
43833
14270
65567
2781
20669
82851
63702
44200
1608
19847
78223
22448
5880
28449
97882
10324
34551
26662
27928
80457
49088
29754
75166
97357
56344
51365
40299
23556
80791
77183
7815
24623
91452
73382
27403
28472
72584
7457
72671
90544
27303
67246
12991
33182
12046
10872
59858
62948
37533
87785
43404
2973
33890
34921
329
90234
86286
40627
30141
83428
34161
54307
8050
41965
27688
51805
70436
16624
59261
59459
7167
2915
26704
20157
52449
55101
47381
28658
18048
84913
16442
61451
4237
66684
12723
20917
56917
99008
77896
3409
82435
12056
57715
6837
54020
1755
58641
40808
18378
34253
266
41896
37167
43321
78404
5967
14773
25784
34624
32820
27049
51066
10622
31285
34101
23344
52202
91017
22352
30097
10777
21138
58504
68491
27974
28876
86597
2966
86035
4974
37218
86300
63221
90737
45972
57977
96703
60744
83760
31327
9915
27160
98744
20536
74797
32844
43879
26998
40212
82582
73446
67340
20072
48301
35830
64397
93528
67363
79562
43752
20932
82213
23325
28020
28184
81301
24723
5279
81412
72401
15193
8572
87496
52080
83368
20339
12311
26717
76902
11244
16514
44241
31315
81166
96422
95712
74694
35200
79426
54255
78952
16709
36468
18628
44729
81003
99928
85803
2634
81339
74555
34178
6262
62050
86258
89629
98740
98568
32697
75641
26163
65562
36233
57478
46728
32654
69541
21421
67854
65318
92027
63157
98378
44846
81784
43106
25849
81711
45260
44834
79401
19814
79011
85663
81863
81620
91643
80602
96539
40692
72594
22702
6253
8826
80179
69332
57832
66071
90752
25685
47740
99131
88841
46117
43976
86976
5575
86176
68686
50834
31009
64438
87000
10020
50100
85214
91639
58095
65816
88178
98786
54761
27231
21390
79939
7409
90722
37770
89831
97825
63454
37570
96955
68646
83686
40931
71973
43458
40658
56446
74467
21447
43445
838
87899
8828
45993
10825
97005
61130
65586
40587
82519
45524
64347
89592
99645
54177
87417
79450
8098
84371
48095
91784
41653
36419
97395
85111
77076
53840
75929
14874
13636
76766
2772
58646
85593
48764
69470
98950
26245
51407
39536
8764
13282
3883
14707
12926
58059
2123
92375
66157
2846
56821
74292
44498
9591
88038
45960
3018
41878
21888
17892
71865
15005
20663
30510
598
85779
16332
99547
12023
84090
55434
37138
97372
59316
51845
26649
33727
70319
35376
16235
73164
8548
90526
34014
18139
78563
79973
21156
36792
18213
39047
25009
76062
55518
50166
61840
88201
90214
72291
21498
27352
86014
80813
95548
29014
14539
65866
64389
30773
39030
89289
37650
89395
7427
32565
85719
44934
85708
3931
333
27068
53500
76394
98938
3665
54585
87138
69729
44798
75780
91226
88501
61793
88390
84048
90807
19281
66266
71547
66405
21647
60835
4055
11041
84613
52971
96759
29547
55030
17042
29879
82098
70541
22624
81035
90557
77208
68172
76637
38357
43952
84214
26858
22096
72604
27257
12902
91884
93522
84449
58288
31520
61635
78694
58912
46248
48016
55671
75794
3046
89064
22024
1495
59604
60999
82529
66512
38206
67052
59501
76562
27355
43714
19771
49451
32669
47028
78704
40904
56901
79504
15544
4773
41139
94237
63684
3738
58605
35706
95883
78002
24769
17906
79496
724
78904
62024
67236
33461
45427
43088
26374
89134
3153
62497
54936
35822
25876
33639
93077
99128
29495
8620
3900
86985
19209
67584
77813
19641
86604
72166
44410
4509
51661
45133
99764
30036
28720
49576
75462
71807
92301
64595
74960
54797
35882
27133
80672
69521
36561
79800
15367
45181
51
2351
80741
83986
93072
74905
3627
79675
47070
48036
535
98730
93168
16650
28765
82577
20578
93694
74877
1525
85005
29674
37406
28489
26697
23278
65050
6496
38644
10230
6547
57346
7322
90532
50417
82226
10510
46443
29295
58545
63329
44376
51713
96330
89492
89952
78906
26421
83645
70135
27945
85002
16160
81703
13490
42856
21332
78539
65704
76328
5120
88602
33673
12441
95485
442
11018
5995
63236
56664
64539
42917
17391
32603
39246
6882
22554
34504
33303
22551
20990
77599
7552
37149
75653
37393
96356
96985
32284
62059
73312
37403
67012
6984
66196
78849
23777
93565
84843
87013
50229
65733
29929
83971
98336
85526
90853
37241
36381
40507
59791
57370
18105
83694
94518
10110
21087
7226
7094
53370
85636
80405
7124
52648
3740
89671
31496
27517
99588
32690
30881
66168
98422
77161
50138
13109
62686
40990
50350
99067
97848
10140
72788
32305
93834
67306
42414
31272
74531
49507
993
60166
46263
24468
29165
66354
30491
77012
10222
30078
9701
57454
96245
8123
34614
46382
37583
97300
3724
87932
12718
17923
98072
85505
50227
8257
69162
8992
55880
60044
74850
56872
36562
21112
82078
3818
11829
59090
30391
58258
68790
87845
54502
22458
17236
30847
36109
37311
18778
65178
55233
33201
50683
5460
57809
36196
14451
13688
96240
89301
70559
49153
26764
68250
31230
46933
96430
90319
77324
71040
59109
65168
25541
52372
87625
42776
83218
40086
96438
18348
5263
51671
51548
72297
57130
9357
8493
23044
21084
93584
9955
70236
36700
94556
1465
83632
7337
8136
60955
78376
83596
42474
20269
35967
30099
79396
35537
86536
75834
53884
91798
27504
21783
64095
985
31139
72587
88916
70535
10022
98852
96841
80257
35551
91396
98073
35534
15084
22560
96489
93460
6155
38962
13728
58474
85412
93123
94010
88299
68956
64245
80097
96459
2379
60543
13795
49870
33129
2711
36756
59502
17914
33596
39758
53464
41343
54182
88997
56426
76742
1837
66237
82896
57151
96316
41369
58914
89439
51730
47213
74746
32326
27309
87557
51057
4203
1351
926
37331
20413
37681
13184
38326
87628
52941
91789
28970
23474
97138
1747
215
98974
67984
99463
56124
64299
40831
31390
70089
8913
78602
44835
57590
22262
48743
8646
26464
50093
9571
80146
86858
63603
93329
25183
51230
62621
33324
96551
86094
30461
98298
86309
45786
82633
85771
18262
63283
42953
49651
33372
68217
28252
94558
25807
66865
43300
34452
93328
9744
60375
73473
96601
40329
83153
38136
91559
45773
71459
4461
31866
1919
2758
34526
47704
85390
20296
82317
48673
79601
31967
98396
47817
76570
92953
89975
43434
52604
40779
36761
78699
1153
26585
91652
41481
9737
49391
55509
1245
53852
3727
19515
72961
38252
83570
74703
58548
65887
54500
97853
38122
2316
90775
47426
8643
34208
16381
49421
87321
11431
50573
13905
3082
8405
23642
49220
74148
95502
50464
44351
99228
86330
17311
37480
69900
8365
12379
52138
48091
66878
49990
2564
85545
40764
49989
94187
91324
82721
43607
78644
94152
10531
92548
13585
35288
32541
62805
9435
44395
13268
70137
43622
15950
87447
97453
85849
95812
9831
37986
60254
93060
4327
62818
94957
61443
29158
89143
52766
11879
49102
31409
22382
75984
40308
35966
11271
89201
98770
37057
33595
28390
7193
93568
44339
10992
91021
46539
23155
17203
876
83408
26615
5202
62577
21571
82996
91735
27065
35761
19965
76166
83521
58698
68502
40181
94663
79772
29381
9785
33181
79327
54526
56725
72894
98864
67716
80266
61754
7222
97469
62629
6982
40435
84182
69558
62005
83530
77644
89069
35642
97608
81587
19163
56305
50088
75695
67320
46211
5075
93456
95743
753
47981
52468
73646
63196
36535
53912
24949
43757
67732
3929
50738
8166
4462
20295
86522
87991
97939
91942
23633
11898
73528
42795
84555
39967
34841
51874
2530
56267
45329
98272
57019
93309
50739
30664
72856
87274
927
97804
47382
68658
18084
98119
93175
22545
34765
79696
10536
32703
71638
34168
60953
61517
93314
45507
1484
28154
97380
20365
84420
59060
18636
41438
68720
85727
88453
41575
73000
89380
55730
20381
74389
73813
34851
67564
96357
69615
47259
6892
18670
35248
57411
79622
96765
50724
25128
14600
95229
38859
51316
79648
97918
69951
37437
82989
55677
42242
40915
45028
31621
12996
81760
22361
86808
32962
89924
99516
2577
53535
22760
21246
88782
80170
867
47246
25994
32849
81204
84164
22122
95473
70467
75910
78461
42495
18151
35727
87523
66123
48722
85634
88484
51881
18596
94759
51396
21172
48293
90507
58769
53427
70677
59635
71676
34274
1980
20877
76747
83183
5040
15220
78655
75506
91130
73467
18001
25632
25545
21875
8107
74266
23860
12942
26146
42455
7700
93893
79978
72345
84400
55098
42123
71428
31084
30150
5701
33063
51026
82447
32597
56066
14019
27603
47923
5148
17421
82275
47131
42965
20501
71589
33582
44361
84530
59727
86815
8582
69972
83145
97278
70723
38242
39400
42150
69326
69549
64202
18740
36927
63000
67689
92992
77018
95291
57266
98517
29064
39541
45648
72028
60041
5610
4401
18118
81688
7568
26699
68011
7064
23976
38733
45305
79727
97234
14630
49275
61435
49722
86201
24435
17410
95544
1452
12700
99969
58115
25054
61968
30143
1446
79203
52104
22199
13672
50143
29766
40370
34506
36829
80697
73238
98485
60423
70472
29467
26050
48258
79188
28602
72692
96597
24146
90496
25648
9659
90464
83763
34712
68783
30257
36157
47985
98712
58355
78009
65206
4472
99711
41300
15427
56137
75849
76124
85603
24381
64790
30500
13425
77738
70997
3920
3385
80655
10735
3499
31718
79517
33755
67874
43853
48818
26229
21861
14024
30700
56591
13734
88352
72017
3034
44488
64217
95509
46442
66115
19890
27583
12966
33314
5320
314
53585
25056
97320
64319
28555
29037
43835
78661
96910
4039
27479
39490
25900
41502
86542
98842
71587
74893
70858
90973
35732
35074
86481
82173
17540
22722
26107
46857
72387
31426
47170
25971
56481
60841
6641
1387
89877
66827
80048
3139
70866
23878
58980
13117
81731
45521
11958
53317
36765
99167
60641
88848
50592
47122
71020
84484
69843
97126
31340
58582
44903
94862
84552
17736
55702
91193
19122
61931
74371
15521
81421
45236
39398
40400
58352
21128
2273
86661
74445
39037
85827
51437
27885
98558
15256
20902
84753
28734
68593
43334
73636
79806
44237
7723
35508
51781
26845
13790
26152
42365
95210
71387
98115
51961
46091
19242
54233
32751
10038
93270
34930
61475
37506
87700
76384
52761
8601
77488
97846
93545
20821
87834
73351
81410
95556
25210
33190
22400
55351
59341
81117
66912
47080
79231
18872
9522
14824
89457
42272
41214
82726
93553
2688
36583
81252
95423
89343
6204
72911
3541
99749
10083
91374
89451
91492
86929
14660
24682
9329
70010
374
6797
36921
47453
72144
56974
17202
61600
15598
58415
60677
9150
77454
97259
90402
72877
2954
96605
62139
6494
12705
97867
2155
63713
84795
16814
4746
10475
3175
5119
33623
56447
68924
36001
28591
42249
53203
90190
74198
27969
50867
99700
5423
48125
6453
94651
67430
3057
56789
73923
32114
45361
88141
34268
9073
72936
67434
30170
99762
86960
51641
33385
43407
36916
69385
71997
79164
38939
62186
69714
66908
29404
69413
88682
93881
75865
99684
61310
95273
72824
35233
43738
18184
23373
78006
43609
12660
61791
73778
28774
48750
41770
62158
92156
78685
47894
80504
74201
3185
59042
43914
86444
88445
29678
75125
98677
5542
91160
59987
17166
80335
11571
60904
98518
51295
55261
58478
80307
17051
48608
9080
82152
90377
87589
90660
69062
51834
87515
43262
55018
46556
3527
41461
51353
33204
32937
50029
55097
40448
10015
72262
20782
37937
49517
19300
89232
4777
94129
69538
38179
42736
94969
36683
49465
82557
27342
18526
34390
31208
78139
5760
77764
81665
47220
45468
14868
96509
95496
69964
36956
21863
58577
57738
59799
8094
93389
65382
12870
87517
34919
67401
46605
29887
4083
96069
28795
47776
14594
63185
78983
9084
68944
73098
90748
32515
18565
21967
29023
30413
8282
82331
52275
66858
40068
28425
74951
33456
93807
4173
37324
28725
87925
74964
8359
96348
3758
56134
10941
83294
51468
36376
24566
27123
17456
59482
65441
62830
89894
73722
45160
58520
40580
85227
86945
31882
35034
80751
52406
88710
25827
56682
17142
65040
68985
20900
21173
96277
20545
88993
32653
5486
13558
76127
22941
89391
85770
79285
15289
30930
37804
72220
32508
41100
20454
67542
21850
72859
56251
47677
45893
45239
81170
10932
30575
2069
32105
43204
38966
37449
92208
44451
67358
68334
67391
56748
26253
69512
52384
57894
441
90188
30113
49301
31287
50566
16842
69489
39777
89444
33517
85669
51034
14686
12952
81609
33107
61408
41164
72072
98856
33371
32874
66213
1704
16616
22961
44309
86127
75344
2202
2920
81883
32314
52220
29522
99232
85413
99010
55360
74856
48878
57380
42241
63563
70331
23849
96669
31739
81364
46946
14734
17965
13159
32790
34580
52471
77098
37059
44166
79299
56330
26049
27964
8549
71922
27195
93961
87283
98906
85168
36160
56285
27408
99722
42968
67609
12743
91058
48972
97834
38003
63706
32151
67513
12847
83082
19983
89944
36492
64149
69242
92821
6549
97205
1369
78470
40752
11681
65752
39657
96848
1911
12294
40608
17984
8216
47078
62670
73539
44912
672
53596
93414
68185
66442
92847
4519
56385
29339
85019
41978
22159
91567
55535
23528
86388
96286
51560
52139
52294
48408
70401
64587
5367
4737
36199
13582
51814
98868
3472
96725
15892
57068
6490
428
23509
99337
4946
96246
28675
89965
54575
50833
97883
10109
90712
84271
6394
75040
7031
23162
39626
12397
27898
92177
42330
79711
91044
45801
92788
6935
19220
15629
23714
59081
14965
28660
55326
59991
34976
9900
27176
49210
36361
17887
33480
59106
76510
86241
34145
83540
25754
90123
12288
70003
82299
54617
66065
73342
16770
75204
96629
35989
90833
20342
95069
22149
65353
66746
98492
16680
92998
25667
65890
29358
59905
99369
88463
36415
1961
38960
19954
44066
29082
48594
14068
11380
3210
80133
84721
19979
71688
97701
72320
18043
83740
1021
99747
50486
99512
16427
59835
25178
82316
89192
85082
98036
94006
21496
16349
32965
57802
60414
62046
6395
90834
89777
25956
70966
90850
62287
59005
88550
34606
21525
22944
18345
38897
22691
85182
38408
55469
45016
63585
54136
50559
65018
52171
60917
2866
84871
10233
77019
45285
88631
99765
52470
78407
25720
39787
69256
88006
98791
57806
38963
20315
97101
73660
59211
19791
75193
13970
91611
77554
45746
3471
58924
14269
64387
61789
99139
74620
55159
60775
63250
54923
13244
58008
80642
53030
27264
85000
51821
1421
40314
88487
98521
30325
64050
34664
5518
78019
26274
42078
71925
72020
45548
47200
2640
26287
25340
18130
17258
80498
78905
80507
35420
8500
38514
32413
77882
82129
33764
46054
83549
74078
50892
82070
20754
31293
16733
26271
9312
43006
84700
97588
31377
46600
44787
34016
72886
70126
52146
90143
66975
47402
87001
2394
72253
41866
51158
66486
40347
84922
12539
23895
75351
79783
5964
96104
11075
39048
38727
36738
98406
23426
34325
29782
86377
95463
80150
59262
81940
48647
65756
48914
12400
69108
67659
1004
27326
35169
67490
67672
20090
80028
91566
11792
13882
24247
87237
52929
79325
23974
51334
19103
58299
97468
5479
70113
93969
64741
68405
58967
46848
17318
87718
15956
1329
88721
43281
36497
56210
10952
72938
52590
18869
1081
28751
32750
41679
15987
2031
21004
56313
69716
40106
30963
83535
45584
1075
77503
26676
69479
52821
89876
3149
40538
5831
20829
29259
65463
57325
1820
92766
46614
70761
27986
47694
60736
89372
31850
79118
26727
88162
48833
66832
35476
48720
28768
36551
42574
71795
22381
95395
61670
41881
52284
83852
62709
81542
65666
36385
99714
58431
82998
70474
86417
30691
86337
63504
18187
58973
63141
22700
7805
46325
58176
72876
75092
11078
15450
46886
49810
10844
24908
91691
63127
8759
54399
61021
74425
90784
77086
49207
90133
47559
51975
37176
33896
31830
73590
68434
90802
36730
91133
14959
83054
65660
74497
76737
3283
37735
26547
30478
62642
34589
9957
87752
88987
87329
78528
96122
64414
44087
2607
11972
96061
39782
62219
27891
13371
30652
35044
66452
21785
50002
65858
3796
54188
40354
80533
57470
78088
23431
4300
57081
58019
30608
44833
63357
17936
39712
75831
82349
83798
94789
10672
79859
34570
72891
24101
64292
3542
75496
30743
41678
25498
96600
61826
79685
53306
42358
53506
31393
82140
74157
4826
56510
4764
66010
36218
22699
5721
28400
21399
89519
23188
32071
85729
57757
21313
26181
22048
24854
1676
52791
82884
43525
65742
44709
39561
19047
3418
93067
66792
1909
83575
87969
58418
88339
53978
10987
27389
59698
39387
48788
65568
62574
97210
51296
20331
18522
77476
58730
95504
27872
58962
39028
9966
3670
78589
29012
23439
88007
12155
41699
71581
123
16468
76271
54100
27455
3660
66841
68799
95717
45766
66008
63365
82448
84529
57192
41178
60607
52695
69049
19569
91723
79014
23238
86663
24378
63029
74669
52884
4727
62601
53007
21195
38872
23458
65001
58883
69959
31841
27681
65676
77606
93688
29040
60054
94568
86231
17583
55174
55278
2983
74742
63352
98349
14332
50014
22726
93712
41034
91961
14790
3634
61319
35984
58857
84777
17336
17739
71087
49176
45419
36762
43134
55458
82153
19539
66377
84736
37121
37903
40013
56455
28996
19716
54803
59679
93880
53390
10762
85841
68180
30747
47159
20515
89604
48287
37851
7342
19374
3378
69113
72487
46511
24570
54640
82401
7299
55727
35873
45201
12091
92328
74196
31806
63482
33875
17886
57362
3616
44999
75745
6712
8662
81700
54999
46512
89042
90724
49889
74506
63210
12752
99075
34201
11504
22725
6279
47377
67925
18369
56056
58473
66526
19537
92347
84411
76898
95962
29409
36451
84109
21506
59515
92770
3205
30865
55633
8598
21588
21873
83103
1149
50976
98530
51702
62480
21254
57980
26208
89179
76349
82263
64003
42874
56349
43637
11401
68662
73045
47851
52770
10902
23717
61891
14107
54581
17523
22704
76168
39396
5807
93669
90371
20688
45370
69202
41941
3349
95409
47471
96049
94023
11473
38923
12174
84173
82559
23574
69187
71955
87776
38308
82857
11493
199
13315
82425
34073
52370
74945
73468
74528
68613
80191
95215
30334
65744
37156
33682
61153
978
29731
71527
12451
83700
12975
83915
23625
82161
55869
27753
20469
55077
55597
20667
68391
38021
54739
20761
29317
44559
95288
97929
41101
6855
28262
6844
44010
78296
84348
44987
55875
73789
9382
55926
86764
93296
95903
65516
23655
5744
36945
95603
26410
5335
49975
97501
42447
79292
58411
54087
93572
99511
60941
38186
6354
21302
16481
7054
82640
40858
62928
56429
66591
18853
59544
59886
14755
44819
41753
50563
78697
50363
76972
384
16690
90824
59182
12333
49234
29620
5904
65096
90560
60441
87802
28213
76921
94855
10853
34130
57782
83633
720
92986
43176
76957
7741
87994
35062
78853
54908
13758
45568
48232
30493
62257
39055
89675
90941
4641
19294
96844
69736
26206
57285
57537
70770
50557
52391
97974
1039
26524
81606
18110
19510
41133
95067
43602
45479
30128
22454
386
60237
84373
48617
7082
46629
87672
96756
37569
8664
32401
50765
78399
74958
24401
35936
62080
91309
4678
60053
31202
58011
10457
50711
99143
94312
44621
68354
33117
61359
28590
17490
9975
52023
80470
13998
65130
34391
22661
13883
85155
17412
5192
25907
53347
67271
17215
58024
27324
9562
89225
1686
36370
56287
828
58244
66950
61801
26597
67
23159
71538
17556
49485
23561
14377
63483
88690
48767
2495
2572
50273
19906
7764
76179
91386
9746
47628
35061
35659
53204
36746
25843
37574
30271
92792
15726
73219
92858
38884
61108
26765
88368
84668
41142
68202
89710
89908
87049
8633
56533
6954
32748
32711
96558
24134
42456
60537
59194
94466
30092
12292
66493
55934
66217
13115
65078
81942
2685
57935
37177
63793
1052
48460
42193
10098
54521
48452
97146
63154
4984
20451
12253
54047
17008
36386
12854
93896
11932
7320
23988
24223
90164
96273
90439
3279
61350
88732
5963
35637
25908
86107
36688
67803
50919
95232
94252
5439
60035
91397
84944
81371
28200
97197
35417
61559
49934
48270
55455
78217
71941
95794
2439
62105
8418
9229
81735
69768
97960
4049
21756
40219
90156
74795
8022
41074
86378
62864
46412
47808
27782
38221
61356
79550
99779
11289
44172
71585
89506
16112
67378
8296
92148
17525
92654
78267
31836
22
88407
74816
96428
44283
77545
15052
7146
23956
41425
71305
68090
95997
32660
47639
12128
43949
91810
83712
49806
24274
67442
58101
35193
59589
91977
27847
37855
40165
40901
54228
28571
44110
45395
41350
88392
22939
56401
11889
63246
14178
83194
31335
10174
32205
95326
38653
76153
3487
22365
42310
44112
6158
411
79305
92387
7151
36304
32551
48051
90531
61121
92160
52277
18822
96903
75223
25143
54812
5752
24688
2499
15925
56893
97824
54578
49397
1310
93294
91707
45422
15803
8469
41078
97900
855
64580
50555
49758
12630
57437
27230
21141
9713
46052
34395
1279
37626
59537
56090
43377
577
74940
73821
72763
46582
23217
90425
56227
31275
52198
72029
39743
93275
86280
56950
57854
36834
23059
86835
94270
50288
24327
20334
12691
58721
21612
50316
34609
94054
10044
51537
68993
25357
58108
48630
48574
48532
