49733
21091
9415
5726
64823
63376
24639
2209
34187
74226
85379
77565
74225
13350
94110
68721
79899
62421
72516
51690
45533
90400
87525
95237
7634
34079
62147
18016
84767
4292
48273
50851
25382
57687
56576
6556
37415
81215
25116
87953
71792
10494
65517
46017
23844
75978
31089
20094
38399
19956
71783
83931
10355
59307
95520
17988
9737
57666
36004
94503
78309
84276
61705
3691
58315
18281
26598
95729
15847
51714
83681
87638
78559
49198
50006
18754
25175
97446
38848
79925
17401
26982
80208
27756
86289
75727
45743
96025
49744
98098
6880
28052
82374
84936
48094
40688
3216
91044
52768
35414
42757
36448
39404
37667
1997
5761
56421
43524
3207
95268
23448
20607
22249
20007
64714
24889
95733
10457
37266
61828
24906
60497
89880
7279
45432
54325
64318
65000
45368
17085
16765
4476
69885
56168
42143
88233
78281
98563
31756
81487
10182
55204
18445
48782
91562
83159
90023
87295
9967
43640
65474
51224
20488
71705
58503
65919
26030
39172
47270
87749
56257
64035
92225
42493
36554
34367
30725
14834
49281
62481
12672
75814
34036
31117
40947
25597
30627
30969
29243
56945
74608
94717
8168
95095
82773
83022
77366
8802
22194
24635
12903
94802
5021
5127
53646
41575
55845
84370
72760
21477
63202
85432
13642
97237
32900
54588
39186
79878
85557
84780
53174
76516
79496
77693
87963
62269
60715
81680
87422
99260
22666
16676
10413
27687
21802
64058
85613
93998
48427
58372
31826
27981
60155
45467
25217
93054
55
80754
72931
1963
65534
42456
94830
61381
20149
99144
40001
80863
80823
43775
96474
3489
60450
6886
47527
98604
70943
49491
8953
35721
24214
40779
63701
84369
2597
5270
77422
2651
86023
66705
20965
67908
9160
15795
29289
29308
31290
85641
26522
12113
29415
22995
31953
89865
46232
79479
88468
33526
45321
97420
69247
69534
54550
49299
53902
57147
70920
47676
76149
73295
14380
97114
41202
39891
29260
86842
85551
60549
72483
12072
89013
18249
51419
8113
14002
16795
12932
47528
62115
10352
33126
31649
64901
98776
85550
69696
33225
14548
42990
63956
28013
543
20199
57272
87385
5749
34172
76219
17820
39537
94467
85590
60501
18932
99592
77296
31863
63471
55762
58566
96596
87410
39819
11723
89312
78217
81418
38888
92764
24407
2844
20776
24950
23042
94399
28686
45142
44923
4904
79313
84459
15722
64903
44959
34653
80846
38606
82868
60668
94368
41433
73615
98129
81251
85337
87440
75820
66755
42680
68583
91161
45523
5711
32462
84916
16461
77499
30057
61383
82402
9369
45841
14476
90623
7152
65480
87820
62109
48347
48487
72828
6132
22101
70957
3734
7438
74748
79553
74192
17427
64488
81704
79301
86550
30518
80568
3010
8016
26976
80745
6770
36345
42937
21245
43319
50088
3076
31139
28549
67775
79625
1376
73906
18078
88684
93991
25515
63432
89896
16058
97210
70735
97761
76511
57284
44630
73430
76645
52646
406
57389
59415
53102
326
97011
96420
66765
86
43910
95313
67860
23535
13041
58117
57964
1724
52108
83478
81507
42003
15887
78717
12737
13647
71579
86372
74629
61360
63016
27274
61765
20405
3040
14866
20730
50
11286
87494
16487
55195
99159
84347
95081
12199
42463
69396
13922
10922
52873
11781
69276
68759
90497
82012
98758
78427
68383
73386
39786
47751
17011
17903
68155
20050
32768
5236
36451
60405
9081
52937
31952
8239
53635
43384
36789
12450
12780
50711
23371
82004
62491
92647
67115
69339
91010
65872
64117
75745
55609
20254
23495
88971
38156
91649
9020
87276
96884
61822
47680
22316
14758
79631
30555
68393
39367
67343
80842
52146
34405
20564
50501
13247
13210
17615
98937
4220
99838
79405
79964
55446
99659
19810
60768
54166
11458
69787
41441
24693
47960
5473
47008
62718
1455
93914
47462
40821
77609
44655
9318
12013
65218
59819
41612
94780
77433
40548
15351
93623
36305
11666
49068
35963
31475
26188
6480
59284
12326
64273
83976
60286
69745
47335
39355
87551
57601
86816
44724
35209
47822
54041
63573
29391
30211
5184
24170
23996
62084
55872
17618
98388
67537
83037
50702
15363
9224
57181
74646
21550
37805
74973
81835
7549
38660
21189
11452
96260
24356
56175
31468
72177
10215
95040
1567
56778
16576
42089
80773
78659
97960
98390
77046
81849
81426
44099
97211
90650
1279
71857
55436
63181
10385
79336
1840
47925
90787
98099
72280
46961
45918
44456
73528
40958
62374
30305
73885
4462
11077
52543
18774
25818
45940
622
7243
6390
97832
14244
24020
86040
42794
79455
49221
53178
58791
51060
1102
49577
65511
89733
12890
11428
34188
86417
68737
12914
33073
42621
33727
11515
52500
86318
73806
53121
9912
80195
67305
24156
4215
53344
66949
83669
2564
36479
58811
69976
37580
8388
35486
27313
21277
46913
77852
24045
15650
7117
57117
74622
40844
17617
86137
9695
20286
76294
79168
30197
72841
46472
54352
77055
16167
37653
77075
35083
74131
35886
5058
28062
60625
56895
55374
98253
3807
49578
22297
35808
73046
79413
26782
13889
13381
29270
39936
33666
5563
19103
63862
78403
81926
34566
71809
98092
72218
65236
33174
46348
17473
38231
74409
78097
95125
46135
76349
15284
12064
98645
67443
85109
94409
94224
15350
24141
23493
55285
57806
45408
74387
38019
40162
56312
72584
28323
70755
61153
93558
3929
7500
11030
58511
98261
5478
69988
44395
98178
85271
56458
13174
69065
57918
7582
63289
73267
48074
3133
28551
22231
64892
19289
60249
5054
91952
49185
49728
62707
10337
43285
82987
34189
70666
41497
32449
76143
11484
93195
74320
13106
66004
3845
82171
23921
11426
61811
13540
59499
81295
42090
98081
46187
77731
58329
67592
86034
23865
17319
65092
50554
76955
48078
1094
47620
89575
49894
40114
17410
43088
30785
30516
25443
34629
12686
49363
62406
90848
62902
38256
72142
21344
36336
34680
15426
11016
18623
17811
34881
35941
82903
1786
29247
47332
2879
76866
53258
52772
33331
70668
12211
80467
1183
15095
30220
3367
93852
37419
82621
32107
9560
20316
68442
60592
52093
95810
79214
69903
47042
31507
52805
48827
60753
137
68057
53971
53394
20828
87301
40413
49390
84120
57947
3394
99214
4518
6760
93066
41936
5732
41524
67848
26047
26318
28439
78139
22127
24004
48042
69168
55510
17198
17994
16263
33686
86050
86585
3432
23229
90237
43844
72618
74356
18143
92363
73570
22660
