83026
51681
50488
56162
3561
39340
89013
90532
88783
1896
45693
39516
68825
45802
54928
25102
2612
31929
35776
34324
36947
2661
71513
10932
45687
64434
51465
10474
38445
61851
82944
21470
13531
33431
93983
33443
89122
82995
23974
77905
1242
86018
33772
70067
31819
88700
11520
34430
20628
63647
85105
73927
66307
56617
84858
28345
37403
52675
38819
75847
14525
38114
13669
44407
71545
24003
94201
60666
6998
18175
54922
8239
20544
88694
94657
52363
93745
22528
3144
30724
86174
88249
4650
68832
61217
5860
97177
98619
58534
52347
90818
89410
6812
4486
33816
78356
28488
28016
55374
51837
62542
26647
76428
99438
31692
87436
51800
25436
26316
54943
72512
28841
59543
77161
97673
20760
99372
11201
19378
57905
79899
10195
47314
86710
31032
97481
81418
75872
41849
36791
27708
20742
79789
20487
20179
11481
7923
71978
53268
34238
43273
25779
63078
2815
19292
77102
23574
18663
88302
59304
92920
68200
85850
40233
54910
16882
54066
36327
9105
95914
89469
36812
16655
69257
73651
53186
97089
81573
25163
66709
32162
84787
92487
95239
87602
28130
88693
27527
63145
76994
86830
56064
45194
72680
12648
16455
5913
66713
69133
15017
78978
58601
68180
95633
44209
41830
65170
57650
23402
90332
24358
55563
91471
33196
67154
79072
61326
55846
22950
24470
49191
9780
80533
10736
98811
93180
27190
4723
76245
12674
19739
55222
71274
4270
67206
31835
46100
32375
5836
85853
39059
30193
41416
30529
63388
24921
25952
41065
97118
48901
65534
46308
75032
62418
57044
73842
71950
585
94916
48194
13259
31006
19767
884
35276
86973
49070
81375
19347
54905
83579
58405
1449
24994
5285
81189
66266
31236
22253
63383
96489
4139
26043
71520
66556
83086
61714
54857
22
72981
3050
13280
3987
22817
14164
39262
26141
63233
36988
45487
18138
20566
20244
19586
61912
41880
17126
44529
89468
39379
24264
85956
43517
50306
73827
26424
49743
51892
81281
49764
24873
682
63044
28859
39850
93559
84472
65990
56791
37811
27829
91280
74728
64424
27218
52991
6303
44343
97520
12122
73
38135
98077
43589
88440
88256
86365
38182
40147
67645
4297
81371
84678
83692
26581
24528
77250
27404
6869
34041
65214
34697
41672
56294
15472
85241
25636
21775
29584
39507
50248
29656
77641
48325
89597
66080
52932
92313
20613
9430
59957
41262
90801
60986
24953
33733
85513
2203
61137
92382
52595
42702
43430
94266
98995
58902
95859
40983
97028
25442
80489
47275
71449
58130
11951
77397
24209
81234
69709
61174
90664
46017
2435
97816
7003
27387
31548
8867
45941
92684
17600
98535
51738
77382
9153
67084
52635
5011
8066
49662
46804
88555
13288
34604
46684
41591
12001
87244
22824
98061
48417
29839
60430
67203
44006
83784
10942
75554
92650
56882
84589
26602
55417
36326
3983
80921
3410
85931
11475
22630
49086
16381
52269
83689
63064
93859
12041
50308
33035
10102
15076
79225
70531
98631
23231
54314
9572
15136
63315
82805
16076
89916
54573
68754
10250
35493
72163
66866
37775
99989
89495
86860
16370
41764
70549
95785
51974
82589
62444
1360
9042
93872
80585
95924
92502
20167
66589
18425
35302
29904
1229
67729
36171
72154
36482
46421
7646
24996
13286
61773
24985
19133
48632
57706
77248
35532
69842
29221
34473
32286
46933
43514
42509
27517
39438
35010
64035
6026
69786
15688
52281
87366
83416
88452
59519
19898
34872
83517
44893
64509
45289
86229
83641
10272
60286
60888
45804
30128
6461
80276
78765
53393
40141
21273
97261
79578
72634
77647
1956
58771
93334
54236
46136
93101
42687
22007
29350
93910
21875
90595
58419
67163
76823
58411
93786
53461
35651
55941
99940
58463
52568
95056
28207
92709
32680
41819
72286
5313
19465
90593
64083
29150
44829
26570
22250
3867
64928
67952
97777
86802
58546
72547
70316
51720
47309
64102
21532
82959
36394
21471
41421
88962
16526
85979
81670
49205
27797
70307
70869
47261
60900
51303
76410
5728
94225
15012
25946
59152
82963
40074
62306
57860
12620
32621
9579
76281
13074
31111
59239
49468
68933
17012
38429
1811
2990
20098
51015
30787
90404
38236
94399
89538
87161
73382
114
2172
15680
59266
1486
55753
21571
75697
84725
70543
1627
61005
83617
49089
20243
33084
18022
53606
87864
19832
72948
7961
87198
20086
14716
41785
14484
82371
47675
1644
72104
47788
87783
23405
38004
43536
44975
13700
28260
31870
31679
89264
15486
80767
25858
64921
15140
95816
52784
51323
68763
77096
54873
88848
91811
96657
19683
74181
44331
21327
62637
8471
57845
50419
31875
95849
93954
76850
25900
38565
8719
57578
27828
40556
54697
70038
5476
69836
65853
74611
21159
50967
51706
92383
56166
43516
89039
75848
34049
49722
97174
96685
58192
55019
63455
90066
67219
57409
83267
93118
12325
8337
67048
56505
48892
38096
26542
70719
7931
8746
45329
45441
59712
97034
37823
32229
56902
43214
8076
7302
92935
5250
3986
51126
76620
67440
41191
60190
41200
40810
69659
53525
49146
36706
26381
14390
91153
52922
85108
99084
78019
30437
60876
54082
43822
15051
86310
17075
58264
94385
24376
67550
15986
28361
35027
8957
12153
92569
69146
69704
33378
38805
39580
82524
91862
65960
96913
83015
35233
98372
98450
13251
45160
75677
67332
88982
90727
69993
6056
65342
64378
46784
32891
96715
91496
84269
5672
20000
76838
74817
89704
10215
29973
45635
9090
38187
27947
22354
21201
63179
20726
36002
92782
65885
11678
76465
71218
18757
46458
93626
84098
27187
40409
33341
23901
31904
17609
29572
51904
10798
20741
57959
21013
67065
19945
30102
5251
47891
52456
42803
27422
89533
95156
36555
71769
6834
13019
42987
41942
75828
52964
26039
3014
9724
75731
26915
41627
9692
72838
9882
20489
9930
84192
41501
93347
87955
14949
68379
56762
57752
12152
46294
69259
48706
18062
76092
78077
77400
18033
53904
30363
60424
56918
40086
52506
184
98065
62197
89373
24298
99038
15655
24842
56890
9001
45330
61196
23949
30060
17957
98052
42212
80602
67311
7269
15016
59754
85345
8767
94139
39249
39130
70914
12518
95567
39771
12701
9983
18320
50633
17357
34079
75474
74246
59431
37155
35442
99732
67214
69750
97783
25777
66704
81445
33046
81719
57551
34742
90485
68041
73990
45966
55306
86507
57885
95076
15559
67867
13395
33984
34851
47103
84414
26676
21349
43845
63830
73142
43576
47396
59243
57710
73172
55507
22569
7664
29409
57311
14501
97449
47652
76818
69106
34159
34702
64181
66069
18921
93928
16404
53771
41030
818
96799
78730
44662
60628
51871
4589
8023
11114
78650
97547
53411
34156
20115
77427
63564
93777
91927
77364
41429
85096
46469
91939
19798
27002
58007
38718
37281
74411
8840
78310
91580
5638
73392
36241
82618
25262
57181
6992
52727
35830
4538
22490
86338
41005
99916
49901
51133
8194
43617
92561
93289
6437
851
13086
49790
58858
68155
87070
49620
81732
41199
15336
55123
93791
97953
96736
67323
4945
65815
3152
25834
88304
89489
83190
88219
55742
34323
96412
99358
43235
6052
22146
44086
19138
71936
19295
3644
75357
68914
13342
57088
26464
28678
28562
36606
42982
25298
3928
47926
91112
7079
90112
79415
12920
73301
83985
68661
7623
96748
84370
67210
2799
22867
11295
38288
94802
30589
58284
86511
15854
71625
43598
42317
16654
72160
78922
59636
13809
82849
23913
4920
6279
14024
686
35550
3677
1022
20562
27651
14121
21283
94860
33271
44150
6154
71559
55303
53094
46194
41813
68947
17818
1763
27615
50824
90274
6536
10459
4082
5736
34371
25353
28367
64747
42390
63916
68423
43411
84478
96073
57531
5760
7285
66261
13438
78711
21564
66532
41256
63376
51830
75426
81490
79445
26249
71763
2332
36707
75844
24420
87429
1196
69138
52175
59937
33053
20597
3347
33882
33022
77229
55994
40306
84382
38606
70095
79444
60169
52978
20700
39897
4808
96125
21386
604
38725
93149
2935
75431
85344
43706
62859
2892
12843
31386
62828
62248
68334
82527
96129
1355
76107
68474
58012
60488
7080
28107
56284
83600
97436
93335
23496
18595
5811
44882
19198
44535
54382
38485
36317
39725
82190
15527
58968
95033
46912
21796
57280
15246
4322
69760
32952
80428
38234
90964
57268
61665
35422
29903
45264
49209
23237
85112
67804
45399
46345
87001
6285
726
25485
42601
56802
7675
58127
15770
2707
21391
37565
76338
36636
58238
46097
69587
55017
76902
28636
78698
28675
58538
23962
77884
98126
9073
59876
32687
66160
72494
74524
8760
45647
82198
83239
61416
1256
4629
15332
93945
57616
89921
56393
27202
44938
57075
20456
73573
35772
65482
48463
76085
43365
62940
1509
5403
22816
56925
54442
88975
45770
28965
14087
91417
27514
97325
69184
45121
18305
84516
39065
75920
74436
95457
19473
35725
68883
39928
25650
21007
21762
74112
97091
65126
53403
98600
86881
76218
71876
41322
65193
17646
86638
95631
25414
30503
92955
94597
75623
27611
79112
31039
3530
69900
42847
23002
21976
28082
79282
47625
49088
1043
38088
46178
66168
91491
61129
69400
67708
33005
10721
49252
67002
13710
92415
44212
54188
87011
19834
81798
82475
67224
1679
52374
26423
24681
74349
54504
3962
38326
3591
5004
76413
66120
87523
67903
43601
56923
51963
92957
83995
17566
59958
97705
78800
68724
41916
32987
55734
78102
31137
54560
61677
32815
23285
88099
73847
97634
42602
77808
52311
62544
82811
45075
45016
86686
29330
4968
43608
81292
97924
43954
15209
57881
41658
94008
26604
83574
43347
98689
78027
74483
53249
39703
23649
76533
44154
97496
90518
3107
91655
42828
65651
87903
27018
77503
33584
31985
37462
14875
29908
81415
30083
4140
23073
24091
47095
22998
83789
45783
17376
74623
15383
57078
98271
91916
1231
12118
98785
4338
3773
57965
86340
94590
62219
29709
88444
95802
78045
42257
27028
24304
23671
73462
28443
63095
13904
91889
2444
97692
54023
19819
72314
69406
93249
70585
77673
10831
99054
76457
31520
19178
50773
17859
30119
12991
63919
18562
8792
41963
60818
52171
841
25633
27412
63935
39536
19300
82731
37228
73323
2549
9541
42728
95797
96477
20400
22980
11883
13208
54499
31060
63981
88710
61179
93323
52628
96092
18467
10943
73262
70637
93560
74102
96269
20972
54388
52157
40271
37118
89384
29945
56019
15276
72672
68167
11753
9423
91146
23635
38983
45645
71046
19315
34354
32224
12637
86981
28316
47455
14275
1577
18092
7835
92030
30712
45158
46417
82868
1780
83535
88603
31725
55905
3879
20748
24071
31983
46523
15217
71969
85505
60861
43014
21171
95214
75238
50159
98546
19905
97614
12821
21481
32057
37007
13510
62768
98516
76278
61988
295
76164
50590
48371
32068
54468
69119
56139
2802
31993
87707
74770
33849
48567
17784
60132
93021
5177
75029
12925
19142
4201
50757
51198
41207
80618
13966
56074
73247
75953
56369
49411
42894
21091
97830
97362
90209
70320
163
38553
58026
74933
72401
22944
9068
27419
83075
2088
48948
58104
31364
68089
78656
98472
19287
36215
95441
49604
92288
68687
25556
48656
34449
68449
86099
32279
82162
76307
18950
98677
31212
76976
89961
3612
99919
99028
47383
99346
17467
96330
73801
65182
80770
63653
16408
88670
75445
66011
80958
60483
7918
45965
94932
76367
32063
43562
74880
24722
62511
73556
55933
55838
79868
75896
72109
78895
23278
71454
96361
35959
45254
61542
33081
97709
41546
49488
2731
33342
15499
40
93825
23416
46004
88756
16134
94419
48669
91014
19140
27531
91424
83369
77141
83671
71829
56035
6949
43282
68748
59259
88535
46641
92339
2595
4539
41827
21677
37880
73677
21716
31704
97092
84072
36811
29578
78490
1831
20591
13981
29362
17863
21756
29082
95003
5426
910
67390
12374
60543
52489
87985
49077
99129
80323
68023
20019
38501
57899
12177
27767
5954
9269
11838
42765
38846
6679
44595
75788
20659
90308
10002
42414
35741
21357
47840
36650
5098
76565
97192
57586
64549
62620
73066
61224
46995
93085
99724
53046
67335
11901
97164
73288
37521
25354
32404
92718
32032
93351
68505
52691
83658
94858
11456
19399
32566
59295
72400
37663
52212
85944
11600
33112
64915
1018
94335
11909
94102
94059
81306
77788
22311
94822
67427
59831
20175
16183
52548
52206
9533
37404
21248
9542
48613
32704
45292
81179
8350
34044
18841
76913
19987
46793
10025
84901
47810
20711
13162
58263
14769
10819
36050
37079
5640
19828
13261
25814
36010
65808
94372
61894
19563
31971
71436
68176
81026
33079
49354
89376
67122
84546
82640
3460
31338
92664
88361
95499
13375
17874
53761
44495
28692
6162
97926
34332
25990
11186
76497
78351
93346
87220
40245
29260
19191
28032
97435
216
61110
63140
5943
44584
47686
88583
48043
95375
97598
36403
90874
27324
70628
44634
71819
99320
67148
86096
50003
93137
97281
42851
87839
6978
30071
28083
36238
65613
72466
50024
82180
33576
13164
4475
78159
77201
9409
26201
88927
7006
78956
79800
34330
49583
40786
22500
65254
7933
8595
15256
17421
22227
74459
5259
45557
20881
49694
81794
2845
22159
48169
85024
72086
77684
5850
50244
54884
31610
92797
43811
38616
88104
39962
89297
54038
97099
28148
21383
36742
50899
38803
75320
25357
60414
20876
62589
26459
19021
65433
48617
67190
66809
20703
44873
72658
87298
16109
4268
96446
76271
59235
901
32584
64883
54939
29683
93030
90582
51065
46123
57832
6220
37794
99541
82985
58670
62129
9443
77690
27562
61231
94370
11465
22456
67027
15115
54916
87646
11560
31186
63232
28813
63769
28114
83751
9803
37495
90684
77220
99969
48515
83439
37763
48055
82775
12784
10184
92217
90473
37745
82979
68056
32114
94444
6863
15492
9558
61778
19490
37469
9315
82721
66281
89435
10835
66383
15590
64681
57066
92809
64650
21933
76247
2412
69987
75373
15195
96522
67589
22019
50618
50567
6426
99083
61362
29640
14575
70919
34064
24740
17083
33136
91020
22870
43970
57403
38459
8651
30820
31267
89652
52752
23865
8415
39091
99237
23609
35612
83177
61979
2582
50095
84757
1664
11457
14396
32590
98727
22165
83005
23466
39247
16141
30838
78468
76462
4592
16926
1464
35411
64544
91115
4515
88408
99529
3996
39489
11920
87172
1468
53619
2576
16165
81427
16971
65106
80153
39135
48111
19971
94734
80603
50808
73201
57064
71751
90127
58528
23513
54670
49642
28027
59430
49171
4335
63425
16255
66949
22830
30755
20567
25405
63271
18345
42376
44729
98497
97862
92839
34819
92595
73441
1978
65796
46856
73728
72274
5383
97241
26943
71377
41619
2724
20547
45954
66149
41909
78560
49449
64739
9314
86367
90143
88937
4711
32518
33665
19559
30380
42855
70730
39326
32647
72707
5121
79502
62787
77394
84885
76379
20689
56261
34349
23412
93159
80302
5912
35067
75213
55360
99805
879
58078
6300
89815
62788
38817
39831
98699
85548
82685
69428
24874
31683
58486
46346
11184
21272
23740
12420
97650
60780
68680
31999
84191
78190
28652
6455
29609
20217
61814
45765
21095
36244
52064
10909
99031
7233
67091
14081
9132
66127
83508
50357
97809
41994
96703
25344
79617
36794
37764
77267
97573
22795
25617
98115
985
70620
4569
46945
90836
82735
11930
18978
44773
39190
34360
68357
22632
48441
77488
88758
31948
27845
2918
90293
24547
28262
69910
77692
82377
63528
75264
5171
89144
89730
22507
76115
94299
69451
66951
77033
78512
95232
12362
23284
50774
46721
7992
73405
95161
85479
62163
43461
29675
81432
33753
54221
26045
20014
48264
8421
83541
23527
13592
89036
13257
36098
65151
23907
21901
48453
17291
412
43684
29652
40047
94457
92724
48038
67862
4237
33516
46376
47697
63191
44159
97801
33763
70204
17815
82027
78624
21905
92215
6743
51513
44665
71893
91771
66565
20345
9061
66976
80380
55064
7022
74837
64140
71411
59050
68376
21278
21777
16072
820
82287
30224
50935
52490
49313
31114
65745
71217
39680
72487
39082
84344
60731
47204
50908
81075
72617
34235
77806
27680
57608
68994
91819
45370
44395
76546
66648
66171
92617
67467
48458
39193
18401
17299
3582
84065
48412
85678
71634
88092
58164
10715
88787
35246
74270
56047
32672
46886
6633
10478
74566
64241
79471
82736
25962
23866
59282
92609
6388
68250
71197
7442
11180
88496
11024
95245
53259
96701
66878
57702
93944
46489
22814
68213
18887
55486
15099
25519
65963
89664
6111
61785
88751
32073
2002
64384
8390
32634
1108
95938
56427
12288
84433
83802
23884
54044
96855
90761
11745
84423
84704
74585
7236
52916
93471
62721
84366
18990
45035
74029
25100
6820
79132
57172
8821
43515
81853
33562
92500
99312
29500
48927
27951
13932
49080
51834
84327
45934
58946
96072
30356
43649
70656
37592
12917
64127
16664
97282
83116
61699
87663
24567
68518
83146
81739
93690
26660
79943
27252
35512
95606
56751
790
23557
87034
49869
91742
71361
95803
50688
67432
42510
10688
54439
80101
39956
34917
13117
37238
34384
74815
41252
58951
59684
24397
57041
53373
67408
36983
80624
2919
48940
37374
3708
72496
24408
69929
80590
12120
82083
47629
95903
24592
58316
50341
21045
98272
85258
34161
51861
35993
8975
93112
94943
68658
33860
51983
22030
1267
5317
19006
20538
54257
72731
40597
43104
97138
10525
23693
25609
92607
87673
21511
17199
45989
88204
54595
60612
89813
88755
28824
25805
38287
37100
99090
72146
89082
37471
89764
10751
56476
10301
81359
29207
67250
24462
42696
77774
64507
68305
70381
52179
6167
3931
14519
58525
91482
84182
63631
36657
26339
77711
74943
63438
76800
63440
68871
14270
53204
79621
87098
79856
60979
32656
47105
1793
75351
41231
66299
60007
11611
34829
66174
31893
65700
76895
6769
77429
70399
93838
3767
48109
85132
67204
41260
48572
36074
71881
18127
32047
75330
97982
9377
7985
61439
11169
83336
2669
77467
59694
30631
28648
42219
78875
94347
19114
85643
67879
96542
56041
78068
16660
20501
63200
215
61760
11771
52640
49992
46249
84686
25322
60582
94063
33306
22020
21583
32993
41040
99050
92687
88022
44049
34905
66896
54747
70370
52538
22625
83263
24930
693
99922
45430
63892
16488
23541
92014
69128
73533
38262
70165
15206
98843
80579
48511
37215
2162
97856
94606
17563
90542
82628
61611
41798
65875
16357
12168
34765
55333
11782
56025
28056
5124
36268
44543
28664
44633
13670
18548
99246
187
14441
80765
98616
51655
82926
96471
62612
16840
3364
61591
45161
27466
11158
73680
62230
66491
85462
21923
38867
13517
43398
91487
58059
88414
36119
88081
6961
35365
4619
66157
85383
55681
34163
84661
68503
96774
17852
71866
58365
12654
85830
40163
7058
64411
6653
92519
2685
61872
22387
46083
53358
96797
50848
5828
74160
57544
5847
31225
23700
7582
3257
57862
8594
88111
70988
42797
59976
29352
55450
93354
31533
95613
16763
95943
18617
9281
14979
80488
48019
61061
50197
44815
72377
62396
2420
29920
84594
49996
69972
8527
53253
44185
17120
57715
15172
59917
17691
44523
31718
27396
92407
27330
44158
4701
45947
69790
19680
42786
17808
9335
78974
25352
81711
57721
27771
11630
42315
77766
81601
50841
47370
42138
84313
5085
57309
60581
39127
18184
92298
66522
10590
35980
10679
15291
81926
96820
51322
41063
30979
48413
50397
26304
73764
32107
84025
17886
60089
95652
58041
93531
43021
178
77843
64457
57487
54775
3583
75670
70104
86259
99404
97134
17901
81329
93953
69222
38743
24931
17635
89140
51235
7750
37598
51611
97686
94301
21287
55727
87831
80659
55904
82026
45116
29742
36800
65050
5411
224
35154
8022
15979
48639
25922
97307
42592
11496
52402
83874
45482
41541
51460
53231
95490
19422
95218
93176
13722
16504
1553
13515
21157
99930
74982
67251
53081
40031
72661
69657
91536
85635
40175
39308
99294
99118
50803
51695
99343
96284
9587
67155
65866
5076
86576
61084
98251
298
93939
18202
23805
1013
18131
98786
68263
71211
55169
57275
57219
46704
54309
42854
3230
93616
42147
2347
60770
93841
18042
57053
3427
85196
39270
24854
71771
353
39457
88420
10644
19312
6621
34448
36676
41103
49586
4938
28666
21106
78565
85884
67809
49225
28737
87391
42840
87235
6089
19961
24130
93365
853
9325
25707
97448
49339
65163
85867
59982
84474
10781
21150
66294
60366
42439
11311
81471
37355
97195
65632
86579
42283
53022
29518
75462
65730
26944
99592
59094
8916
8080
53503
22715
57418
35017
24934
33751
33773
44531
56991
16418
4897
15782
27729
2719
53136
41275
84702
39715
83557
54075
85484
29426
29537
67566
56370
29128
26659
518
54395
34738
70372
77110
8507
5388
2043
41229
52167
86788
14572
68584
8036
30353
12664
27106
83488
53938
11808
23202
53847
65882
25038
99624
95418
92603
72345
40897
35613
72862
95292
86703
59585
88753
95209
81324
7147
53818
22553
59313
40605
53476
44248
64992
83828
73264
92097
67315
43553
3904
97399
86138
31906
81555
40860
85719
38804
92824
50447
79526
34517
39199
91087
15841
44904
54745
22009
1860
8220
82608
66851
92047
55871
75299
75713
99424
79203
82581
13174
81692
26548
79598
88049
28619
80873
3551
68847
76750
38067
8045
67836
70259
70741
29091
25003
9101
47302
33222
91709
14152
41620
63931
89451
17333
79706
85005
16265
9232
66696
35779
62645
35151
64397
81046
84299
66244
9125
22366
90641
93312
92624
61381
38755
33979
70482
86056
83552
78542
16560
25172
58824
6010
58856
54882
7366
75120
64113
90413
22222
99891
53057
73725
80640
50454
6099
64938
16698
31575
3655
7338
41239
12631
85070
79993
46609
71903
66048
30160
50444
82607
71683
25620
30538
80501
28685
5658
44613
19097
44231
60855
88506
17955
57846
38959
40406
39136
72008
88332
42790
79345
29570
71772
64415
9562
18380
52669
91962
64892
74568
36574
45084
95888
83464
41936
24572
89121
86548
60021
49703
63754
48526
84010
37952
3836
24415
77087
92196
29098
36228
71540
58668
8000
52306
84581
42731
4975
76542
7622
24439
67462
60548
85874
63349
44011
27809
4272
49483
30708
64292
99185
10813
29169
83194
48764
49357
23960
42202
41552
53058
78430
13091
28077
86429
81749
12657
29159
3075
89199
53133
43865
73012
13680
46090
52712
57690
73898
56983
7172
20957
37627
22708
31769
66795
5902
96885
16151
46213
39086
99270
17515
87145
43698
20295
85245
56355
65806
4671
61905
18938
48535
34916
48969
94624
87627
23010
84873
60961
46533
5829
98587
69240
53949
81734
91493
50833
97884
37706
89919
71938
53327
23785
75434
97025
44080
60678
53379
9885
65348
15283
45174
30234
66550
94142
24857
70528
17151
26081
80035
48261
46427
49274
2209
28160
40767
69394
42395
78472
75664
14332
31798
99448
6117
28822
59879
66794
98552
86115
48493
30186
31288
78726
96735
41781
19934
83614
75283
46014
31454
55317
94274
94232
20943
12835
61709
98580
81137
56532
74243
11821
4681
90042
17937
49855
49921
1083
48406
52387
49575
78592
83675
28301
91678
41807
48234
75292
33442
10600
23097
5110
21225
17328
26052
50411
56070
4112
48990
53558
60643
39584
81730
65324
29626
16019
15178
95898
17101
79935
48284
66675
58526
48310
11327
50204
6469
75913
25495
39910
86512
48591
45019
24088
82270
87423
74499
54691
91534
23488
8248
68529
79424
89978
9049
5996
81733
21298
39448
61667
85933
22474
36545
50595
33801
86748
57063
26065
28594
13324
12576
93536
74694
36663
75805
62116
11161
30495
70002
51001
55094
38530
30424
61423
88733
55824
83770
86817
93473
23217
48483
79405
45691
85027
29999
95843
88126
3413
21907
16719
16736
50834
26606
91430
3848
18762
69897
15009
49256
39898
82361
20702
94779
29136
82124
83511
1311
65894
86679
94783
5462
35162
74187
67504
36540
63346
41018
23950
1604
57736
40686
52437
84342
48467
72637
3103
18363
3997
68711
74613
86357
5764
69391
31844
87887
69254
33154
70132
55932
27936
75594
7445
18474
59449
60337
39011
39147
1354
79313
40750
59089
36350
9539
59782
84816
82175
79237
19530
86171
64299
88879
70062
63533
20722
74300
32786
53875
44432
5069
98162
36377
12514
16635
95825
72850
71998
34971
74203
67662
92073
49643
4011
1611
5178
137
21365
24707
2659
85663
18849
91537
72076
98733
28610
62727
47870
82484
7158
52938
96997
59886
81803
13631
72063
54652
1980
7033
45206
69641
15457
90003
33419
36977
95180
33555
58341
19887
36213
60355
55087
44101
48782
53819
72710
11508
18040
35018
70977
68541
94903
52780
98524
66965
23783
16855
90350
85341
86496
22158
96541
92850
55577
33517
88030
89131
8209
7916
41696
84915
79354
2148
33696
33172
91210
45203
51211
62754
80220
38539
47647
91475
7670
46170
74791
47805
63024
81492
33145
65871
3650
29685
58721
59226
79553
46750
64708
4113
71017
22755
89027
50370
41255
39074
99893
32464
84276
67455
95217
80848
22345
42863
88674
30015
5384
63464
77819
84760
61308
27315
50630
64957
73351
9350
40534
69255
72451
21593
73367
59819
44348
78745
26540
85602
26432
34417
18445
10238
45985
99292
32583
4317
62597
10583
67781
56767
95342
45440
433
45972
10396
73783
71673
67281
43037
60476
88873
32755
20294
49572
11499
46834
51525
45668
89617
85941
64112
99855
31926
79756
32437
37125
11385
47707
68204
84503
59401
13643
84935
21724
40390
75069
9748
18105
70223
12895
50859
62466
78709
70054
13991
59670
99931
88487
75876
48208
68242
24664
85332
68666
52400
49391
36869
53254
8791
50512
38188
30514
90901
29608
40261
14923
47712
26836
27817
14922
33704
90282
93630
20109
