98047
76629
41765
19566
47740
81932
69810
42296
42843
70834
79539
19797
98706
50828
51168
58494
93782
34760
64278
69145
843
36647
33774
37130
61329
45218
33074
50055
99025
35101
39559
13423
11730
81324
32989
75821
79607
19150
18116
22449
6335
97654
58597
5041
48482
9764
63534
58615
44524
44163
44111
61718
80809
77884
98848
42138
39453
48273
92192
38478
83374
48102
68252
11455
29425
1240
87275
25383
36741
5390
64183
43076
19395
22779
48116
84228
32543
28001
59195
93418
88515
3305
55135
69324
97541
70334
27813
36993
18607
20004
91822
18332
68105
60074
29786
13882
77665
33412
55616
30758
55153
19799
73833
74547
42577
38300
75127
91471
82652
34321
84888
71166
53977
56375
40489
51517
26708
68301
4862
61666
4656
96683
79997
89113
73108
26134
19346
50773
59545
74961
81530
14697
94759
71714
5596
53688
10013
97074
45158
92664
31394
46398
80181
85370
2772
20670
53239
45831
5322
58100
7497
26330
54782
3845
31794
44242
29979
51139
95014
89523
42451
92895
20572
37210
64608
42519
90897
90972
39592
52406
99987
87337
98803
80167
89058
17926
17188
80109
38862
395
87605
65191
71529
91449
96984
15770
37779
64474
27135
27302
6924
36381
64225
60485
17340
6743
67733
24663
62686
20139
24649
50022
18941
21167
39079
36867
54707
81375
16975
93568
98121
20931
75110
86001
28731
72093
18122
66510
52918
61608
10163
59841
97988
74387
20326
31679
97481
88058
56341
60166
8196
97341
10187
43489
18508
65617
96707
89566
46991
30033
83133
61464
50963
58242
63816
96045
46686
81938
78906
99603
59897
5420
75795
57885
96158
96120
5915
93638
530
62256
70155
25077
59596
80341
84917
94455
45958
81623
84020
9300
11655
67152
87115
78969
41745
67283
91366
88430
65572
70271
4384
25468
92043
80179
99704
88200
92650
5619
81838
9531
67874
51992
34608
43821
48685
19524
38276
10994
17499
22295
36645
29153
5799
23760
8122
63895
7394
15839
52325
72965
86109
73060
98432
94503
53238
14488
82703
62240
20106
64540
71770
4331
32883
6377
48151
97919
42253
86426
8912
59751
25073
45557
88903
30871
85668
13376
94765
9413
29214
63441
82377
31675
52853
80808
26177
6090
95295
8879
68329
31752
89770
40099
36082
39005
62827
84233
36923
21431
87010
62187
81181
12082
24095
86436
59304
26114
16163
70421
35526
45377
50213
17902
93403
3065
15061
35931
25507
61162
58459
66637
10893
6287
45816
11477
59562
67246
98486
38100
48427
26920
62194
51214
2575
88307
67376
89347
23832
29104
39560
58085
22506
58976
73145
74789
834
99852
35950
27373
74663
3232
94009
85555
25871
56176
97031
1784
23422
11868
39883
38787
18428
39413
57714
6734
6788
47060
46917
35892
86619
5001
74749
61947
94497
49537
62780
10701
1838
90152
1715
5070
513
87269
47292
56688
651
65427
96461
28870
5309
84660
84009
23736
24072
41722
46821
47212
88781
10089
99455
91752
31441
74203
53698
25937
40092
32829
52989
41929
39333
54703
46998
39845
58323
10641
12884
75325
76067
9345
4195
97727
10356
88203
37814
50780
29924
84634
97991
35056
11074
13797
26807
42514
87999
96856
68451
28090
29685
37791
70019
69017
92494
33368
25213
67168
60361
54448
42493
52779
80144
63039
50506
90500
51241
88319
57631
97516
89305
55621
48923
378
85769
75730
59244
73767
72585
44046
18209
18621
81836
4579
3989
90681
37946
45553
57849
14658
1
16693
67437
79731
17942
86995
47323
22612
44625
44838
28268
16597
93760
44998
2365
85841
4241
76132
74778
48286
10692
93398
46473
15270
13739
37154
69567
59291
11354
84225
28046
51661
55787
7776
85954
42781
55098
8565
87406
16287
53185
4002
26398
14534
6367
28591
35126
98850
3368
83411
25893
13117
46235
41162
26855
83388
10728
86146
94741
94952
61788
39138
62964
17574
46913
48917
60355
18362
73834
64112
51000
27018
68113
93750
57903
90831
22340
93028
6032
42059
76438
31924
55175
39024
89437
98382
22412
165
879
33504
11468
62666
72642
74432
80240
35906
23348
40594
54268
97181
21057
21619
40550
89169
31720
98452
96352
54059
91479
18735
12469
84268
67011
83996
23292
56447
62055
56611
99607
95558
68079
62272
68199
42510
42511
4105
82209
99456
74724
79390
20512
12694
19939
26033
44414
34743
38736
14824
26221
57470
43645
26841
40832
27640
50132
97279
26368
12186
53889
25974
38319
4597
8646
97180
47108
29102
79389
62915
3825
58778
99779
32870
95068
42163
93635
46162
80898
8459
88735
54719
68455
15575
95551
96094
82058
92829
38813
10595
63069
81138
34689
1388
85734
43334
98567
49193
72435
77955
12108
92611
53084
11886
25481
64504
70400
35467
10665
51297
43925
15751
22367
31325
34269
24824
13382
27097
79988
23976
6518
61125
75017
7905
63211
18350
22823
12403
7137
17130
24510
99747
70213
52747
41579
51068
23146
77046
78085
90794
37322
93835
13161
66053
41512
47429
7228
54893
90878
3568
95221
97395
64692
86589
21651
27902
4938
44473
40305
28426
61602
81166
44525
48167
50265
86103
15586
89762
79500
93670
80556
33174
3857
10068
99226
45368
73848
22805
260
81077
26372
11832
94823
7416
98420
16473
51669
19710
77298
8325
64487
55251
89491
9011
3417
56107
95114
35355
45868
90965
29024
42775
24138
32880
69194
39715
78247
59394
78872
94859
40470
5243
23042
51645
29010
84469
80679
73875
61766
89003
38361
17017
94845
47372
36785
50951
58837
72139
13171
49801
17515
72297
73939
66746
41491
30005
61345
17236
8876
56203
57705
30471
95596
25701
59480
33409
10170
40158
23635
71935
45513
61996
5303
56709
25719
58440
24012
84555
46930
37182
34355
80796
25830
24645
47542
83672
54650
8886
907
63525
81440
74964
93995
77035
664
69827
26796
10833
26336
66782
82768
71848
28777
4422
28557
54495
62861
68920
55401
26143
22453
89756
6938
48282
30752
54479
31954
1753
79716
32860
65278
61155
7823
75624
54542
8487
61802
97689
19319
88138
64470
18438
76337
9599
39212
4893
80445
18424
90164
35846
44566
12616
41953
67856
60898
72704
38686
9203
74457
18402
42062
56086
95908
66237
48061
66801
91075
9863
64489
26745
98000
45311
45183
74336
71261
746
95581
51705
19169
2096
87550
80087
14712
45854
47942
91961
18558
86627
1163
9366
5028
59576
81803
936
25812
46215
67736
33238
56077
48577
59983
70428
10239
21517
61116
81499
22262
73048
33203
57782
75143
37105
37868
6206
99310
85809
98166
34219
72436
99328
43584
93815
75256
41738
11102
17419
87953
95190
50657
44029
60118
26991
30809
70356
48507
8276
51854
87120
81323
1408
44901
72817
54864
82769
79023
54174
84929
93540
88392
73716
9220
48328
67531
84475
90065
94984
1893
78017
90173
68901
38398
50290
95891
69206
20645
60749
93833
88850
64220
75155
90258
9121
64323
45121
8241
43345
15646
9521
53237
4038
83237
62456
52365
67119
58781
62102
65174
36798
68627
50427
91547
18916
62669
77104
55913
23418
70936
44762
62442
51371
29461
26764
12844
54053
86461
28489
63574
39697
48878
63162
2152
1242
30280
65433
76375
8733
30606
13172
77359
81032
4718
96275
43701
81821
68539
83470
69108
13300
87458
31549
81023
16919
58312
93866
70971
44772
22354
50896
820
71232
14057
2971
88825
60688
68403
65199
69421
15361
94722
46779
96392
15791
59405
56444
13963
27943
56265
83070
57595
60075
14618
38617
76993
89282
32482
64315
50405
71187
15211
51225
58770
45619
54195
47595
6307
38950
29145
92079
54310
40219
38857
67053
72361
14614
39849
86324
58908
96113
69393
16502
56187
363
71470
49531
89644
20303
30198
40048
91490
61760
7624
50259
7378
61819
14205
30036
17120
59702
22114
87781
16272
77323
54833
88632
8288
11033
74955
67195
7146
60700
49
79684
61062
71518
45567
67057
8173
75764
23456
99662
37523
31080
66272
61252
9250
96829
7640
26369
72882
46105
30501
89153
23427
85333
77784
48066
12718
69091
15261
36215
29790
31661
32250
7203
19530
77816
74259
27702
69931
14066
43715
7453
45145
9987
85057
54394
23167
92696
97114
96048
38800
27614
85200
78579
29299
62983
26644
58368
32073
58256
94582
78214
6268
26831
85416
25798
4647
76026
69851
74577
90092
13566
51588
39904
99790
22334
63070
8837
35799
59117
63988
79765
44316
42566
25415
23650
85562
83782
72075
60169
78363
50288
66437
21545
35704
8586
42543
28081
94788
33472
34524
8353
31853
86112
47994
8445
27677
56830
60595
3145
37169
40359
47460
79735
65773
87462
81648
49554
59536
58168
44268
26175
40956
65813
61878
65893
8355
6311
60681
41826
40834
69033
90030
43297
33641
54375
51741
77669
27556
12336
80814
64725
69046
60811
34819
32086
42458
724
7973
16977
44992
34148
57933
27156
12377
23825
35510
18687
84505
93688
75873
69890
83717
19882
38092
70910
97550
65647
99597
94715
46723
84994
39340
7533
19812
87777
66342
36888
95750
83319
81879
29897
57603
9034
42273
81427
60895
77312
82284
54582
53184
68525
54651
72352
88406
9094
59613
2307
91092
75561
97022
37815
60555
52713
45347
96718
11689
33605
36238
11359
15483
82486
68961
40868
24759
50387
1763
2070
49022
72696
71605
17546
27346
43956
22303
36439
3569
40962
43883
95481
37983
81697
56035
7047
27043
52753
47535
55083
2709
125
66441
34544
82610
35401
75411
23720
2140
93525
42141
51161
82573
13745
85059
9918
74053
7361
62709
93973
64674
6591
89453
2656
88287
61840
26054
31681
14592
89941
3116
33652
69556
68195
89026
21309
59958
29098
23448
53482
71238
90960
36054
1335
92370
62324
91739
16083
41384
85711
80756
47974
75163
99764
52612
37002
25817
644
67945
15757
3759
1597
22173
89667
86143
27551
10975
46100
56648
34422
15934
44237
41733
68339
61923
34103
30662
53661
50185
88397
39371
30940
36370
30886
47055
5333
84239
72872
5977
68536
4980
26087
70132
27153
15753
72626
71055
26727
18726
77500
34659
88290
19233
2997
69687
50011
3873
36223
38407
43244
83514
91129
90481
30569
74719
3440
18789
43254
24771
44876
29737
68275
60628
2363
39329
3707
37440
83382
81206
72098
71672
16790
91446
21884
86476
57808
25756
22698
12567
85351
22564
3695
75831
53132
16507
66902
56571
51648
26507
97693
96523
56244
65968
73502
74958
5296
93560
12397
88678
74766
846
60349
91555
92291
82232
94383
66451
24339
33432
79017
9690
55995
82711
1872
9126
15569
85125
82048
67216
11632
79741
80090
84227
62060
69944
59184
67355
63503
87932
72384
54620
88777
32732
46175
97419
31315
56909
63869
55654
90340
42885
81695
62687
41947
99918
71812
73868
85043
70212
57435
13026
66304
37525
97252
28363
23820
72787
95717
87322
60718
84453
41942
65846
17184
4468
63264
64851
77728
43485
36856
68067
2721
18550
47105
61020
35269
34887
19861
5480
92321
49238
88135
46197
62841
16497
70016
35627
28565
73690
12696
13017
31983
94893
46553
36450
74509
11403
14177
17993
48258
98595
20713
83159
62052
81732
17977
97320
32970
54190
2799
25291
3427
7285
87839
66268
23781
57855
18246
68697
31544
47294
81714
79878
42186
28266
32679
16694
56020
46855
34686
4277
61801
71751
3787
23852
69834
21763
2804
92304
56673
44446
95731
63957
32284
78350
87737
6490
12947
72786
54385
60240
54499
34262
2426
99116
66940
35471
30146
86509
75763
8299
74611
79549
48502
44444
1311
86025
63599
93615
42697
8044
5697
6654
56680
398
10742
63169
13344
83527
17554
73584
54377
68167
92361
53492
35107
44183
24978
65252
30691
740
73550
5301
80288
22052
66097
97951
24428
29695
7917
67124
54091
13613
90129
27122
30362
17223
90290
43705
17101
24195
33640
71478
92362
42352
41321
43820
86535
66299
9071
33577
83390
98973
38878
63678
37376
4974
77980
61803
51020
85896
45278
5110
15860
35407
32231
62573
68981
38873
6277
86081
79419
56269
73910
88132
98620
31583
31951
1506
14233
57374
35083
97622
56346
73960
77651
93721
95285
55630
71875
46304
57877
17152
67766
90088
68910
16348
52660
54242
71572
75289
56675
50991
31557
46936
39122
46528
78518
87425
48034
92750
44798
83116
6724
1143
73427
84374
11215
85063
56356
99441
31366
30584
16592
37024
1854
48183
89683
56095
19754
64971
29121
87096
12879
76057
42570
59407
54574
29994
7440
63676
74791
6907
86751
92285
96685
87476
19851
81747
60183
19291
29464
90767
52234
44947
27790
70439
93129
33824
42886
29234
15147
72006
16330
28025
48062
58899
87431
18988
88892
11222
99015
80034
34480
85765
88670
31164
73240
8520
29262
49775
44162
58726
40541
12747
3672
84682
83186
13152
34857
42423
42385
50003
14428
75066
78028
78842
33964
81810
97829
39207
9384
13195
35592
60215
98959
24261
7731
88550
49132
36992
54676
9645
11568
22392
15740
96249
21929
45243
31106
80703
3980
97460
95130
79045
91839
90323
29361
73649
4503
84919
99384
17697
20511
75950
33007
61123
83680
37909
26607
92584
36251
49092
4152
74994
64832
16752
13274
26426
64209
93976
30405
61669
5458
25802
53507
95780
55162
43507
16635
40080
59242
34331
76942
35192
83690
38065
18871
37950
64671
72246
30533
17273
21338
51036
92267
86169
67788
21892
28946
48348
15868
59351
10016
37677
1504
79875
33456
56665
39733
66442
13096
98975
773
90038
34166
814
44454
69388
38763
25476
41634
85647
42748
79323
36683
51366
65491
20822
73258
10788
69169
5477
86490
79185
43153
87993
92960
61009
15143
59402
74105
14117
76526
80494
64634
93691
24947
50374
32453
66774
8359
18099
25873
87681
71133
77239
69523
91954
66848
80310
88676
66800
56659
31828
54792
32069
41139
32153
47211
16892
6257
77680
93417
86750
58665
87107
28048
9038
35911
11173
33748
70362
37045
21428
41494
30635
90950
33448
97482
87612
94570
86157
70763
51228
34336
41906
99648
91827
74058
63210
8718
80314
40889
18487
83415
15906
21945
27814
24943
57856
38986
58691
28217
92383
96470
69710
23017
3772
3157
36851
91383
14078
23007
62145
81657
73695
4050
81304
65521
78108
44514
90590
74773
1754
9076
74540
17659
31021
2353
58954
88876
57691
33996
33444
66425
30465
3153
89441
50588
22662
26291
41970
53091
65650
20466
34748
39344
32403
21216
35327
76916
11805
26451
78670
20881
990
12680
51901
19695
71633
57128
93737
21980
90571
60161
52445
10075
49601
19384
49088
75892
61354
18531
41541
98171
53278
97236
39038
85680
34803
90716
78948
46607
17167
73969
83839
18156
86648
52091
54202
74633
25570
47938
96612
32492
8098
65408
58919
57699
84792
8006
49942
62497
26536
7834
60667
96165
21421
16057
98197
56223
23124
77144
19181
40290
51112
19372
74798
54111
71462
28999
28743
97032
76937
41707
45875
85034
7114
4793
59084
8257
12799
25377
70753
55686
33210
47772
68203
54630
80180
66399
27204
3303
59894
62737
43593
11005
82108
18390
81467
53569
63740
26562
66952
40676
68268
29179
91733
33971
17497
99990
63121
42874
87094
18807
92435
34865
3361
47065
15044
69759
90620
18347
29652
53356
78291
57008
35463
13032
38474
5384
76771
65035
88687
33799
49654
17865
92212
41387
51836
9708
57728
14956
52581
44821
50114
61368
96038
53474
8432
11081
39584
15403
45779
69235
68759
40421
42594
20573
53452
97420
42308
46575
78806
47347
80373
28460
65211
72584
86198
33398
98643
64706
67576
5097
31171
28943
1134
997
53726
28567
40580
69128
74345
26167
54238
31118
68760
91163
84569
66179
49822
31143
44985
97168
27867
73444
78731
16802
75993
28480
15445
36269
93185
99372
41365
40708
28314
42499
41704
98391
87417
82283
83870
78113
8449
38108
9230
93561
45622
93799
59739
95443
41293
4723
69160
94518
87693
2313
86862
16172
17757
23130
25709
33480
64495
66416
61793
23345
8119
76535
10761
6753
60405
5225
15202
14864
14455
25114
24605
84852
72279
65897
5927
64889
51408
16796
68933
53721
3658
85105
71477
26787
10813
7633
77228
99453
47329
1698
75988
74441
8450
36392
79666
40003
51255
94120
65116
28091
18724
49968
369
972
81610
52380
89041
50542
6100
9050
51998
93928
52189
62810
15236
76173
40037
14689
23502
41734
90676
97942
66536
43419
93959
6538
11025
88078
71654
55467
23153
37973
72187
24125
26570
70148
92856
15610
37042
98955
41012
89039
9234
93200
51849
24470
69372
91885
55510
92873
49971
62537
7167
16506
22307
1125
39395
33331
5555
27400
5149
45059
65372
77335
85535
8293
47483
78390
40255
84524
93696
81266
73562
2930
74465
25410
43751
60188
33647
15612
53061
99969
78148
76579
16474
454
94055
72220
50136
15961
99620
55284
77372
81343
32618
62906
89636
96452
57648
29890
80975
67695
11155
70889
86976
1971
96298
30726
62158
46296
62689
31570
46264
40836
8148
79089
57641
18555
51309
34515
67280
63059
48622
12029
91144
38257
8480
65143
84498
89455
32837
95652
60343
19813
72992
66890
35640
29579
7701
81903
86766
32201
77344
44407
50755
45004
52182
1621
12283
31593
13507
60904
43621
21002
15513
52100
86144
10
41554
18980
95662
18248
55144
9635
91240
38386
85766
26879
84316
93467
25133
71081
25667
18828
31839
92773
63831
84021
94393
76113
15613
24251
53369
59233
45252
68881
11332
31395
68890
69238
66727
80903
87485
38222
6890
95076
76607
92655
38306
77274
2473
79791
64707
44491
98618
96545
37263
78801
80565
31656
71265
12529
55906
24633
88113
17510
9865
15797
48904
95107
31982
76009
88870
70204
99250
298
91905
38603
56788
10729
34745
21494
55220
33363
18038
8834
12163
14955
56841
83427
27483
29099
24412
15596
46608
34276
47744
11863
29382
32777
43845
21743
37998
30400
20992
38295
9913
29248
93250
66700
39977
27994
88193
11548
77708
6231
36733
6222
21185
9926
6001
65019
30412
96966
1983
81039
44709
13845
26773
93837
74041
48515
31835
20792
85858
86481
47057
15106
96082
13756
71434
40428
18301
99333
18135
40883
52417
40709
78419
62342
46709
43437
1365
93472
40403
19699
90862
1463
49896
17634
95300
23936
82500
27134
61080
68358
29966
8136
99815
26048
38243
87600
66475
56543
86932
961
97425
55700
41669
75843
18042
4729
19280
35758
14552
76034
55457
5414
77496
5352
39399
72795
45639
21899
16280
6718
6608
46246
31205
6422
72293
69448
10373
55119
25990
13656
56079
39767
69355
14100
15609
87396
51240
39506
33380
43625
94962
55145
21121
16665
94543
10267
62303
32793
26547
85373
39400
89144
32929
62173
77788
2376
72545
32906
44718
2552
88984
84484
71907
19435
92
59302
38263
67684
98807
87994
11308
10120
59490
32428
26784
70384
59047
5439
3177
1945
7163
58928
91088
40091
37453
68875
58819
26349
18132
3536
28901
23467
88019
807
42902
4462
76460
72145
91619
85509
83453
1738
61350
32232
44874
31733
91278
66664
34909
93222
90178
10189
84309
46620
47641
69535
5438
73989
87666
8973
2889
27485
13343
20047
70386
17805
96507
67901
89949
88125
69761
89753
6214
31110
21985
51087
62842
29614
34102
14103
22836
24279
24291
23496
70899
88283
9383
92688
78623
13400
1661
81512
40884
15003
17910
11269
49159
14416
95521
55460
18892
65281
45212
25106
96390
83548
92544
75584
13162
42998
89686
52349
67276
30328
92196
54526
18610
1578
47214
97232
14978
65226
95095
55861
96580
29357
83482
45739
43772
79002
1198
79016
44283
62761
20473
57024
62661
13016
32607
92174
56013
38644
44522
39641
68971
36717
94166
3932
54647
57731
17516
69624
22956
12610
41836
19536
41966
25317
65274
2090
4319
82823
97457
64953
61935
17929
38328
24595
47296
87287
33120
19661
25930
77641
59301
11253
30710
69818
15184
85356
27549
32699
71331
66856
61661
13166
86391
19978
54835
68016
38419
75505
67190
35875
40457
29125
95136
70071
17451
82422
3191
37111
8352
97183
12763
19604
44244
98932
45951
42832
190
17281
9688
78202
46799
96078
98179
1633
80446
52950
77137
47635
88824
33945
93111
58979
29080
79534
92781
11502
99076
29891
19853
96258
59005
55808
56854
57936
23298
768
39839
36437
18040
83235
39236
32571
84867
19681
85520
78355
83668
90695
12299
76778
66025
57730
72663
58805
69231
71738
5047
5435
67996
80403
77594
24849
38339
892
44004
55458
40730
80440
82264
75122
63674
21499
7692
64892
57532
9563
59598
41199
16609
88248
34328
82634
45978
6991
57790
15208
78728
79189
20643
59591
14588
87923
14281
15479
48279
69738
72561
28718
68353
47682
8744
89852
71725
89987
47383
81287
49585
88581
14247
37832
39260
13232
161
46250
71022
15369
50210
52363
88052
26152
66950
75975
40433
98781
40605
26522
71341
69322
94875
35374
94417
1078
23450
84404
64812
21088
50340
69744
35334
88171
9003
48566
88332
55253
35939
20052
80230
2500
88766
68281
28651
72067
60607
85435
70847
1211
11957
58539
86885
23183
10264
81301
24260
33713
65704
89071
54800
16043
75166
90134
20566
84168
55051
25249
39420
90989
45300
19649
93488
50417
4282
22138
22483
64888
23925
93330
82451
52233
68220
69335
75415
78484
50635
16026
12196
32691
21448
83348
48733
96613
89833
85650
80780
44883
10898
36552
52223
72549
56200
45710
22965
60481
84199
45448
41721
8123
55129
24171
93505
52121
18183
60491
68146
46731
93181
5945
30078
41914
2557
36262
43915
99689
97496
54813
36240
49718
43713
8791
95427
66678
85624
95977
28477
27344
4100
99957
67866
80806
39656
77722
49279
57839
38212
33776
20921
31393
39721
67350
89658
58629
3611
33572
74669
1106
4736
10908
50823
48449
36051
62601
31478
21674
58577
76306
65369
79028
76262
33234
59834
32269
10955
9112
6459
65518
42887
27379
13262
94728
19271
57588
98338
52843
48608
15795
73930
59516
66617
22378
11918
29217
70207
33591
4146
46512
83173
39125
48544
43006
71394
75850
68469
77852
57719
27708
21583
70981
43018
16310
90251
605
31000
59445
49213
46794
33375
25080
29763
72104
36997
42311
86939
63124
5174
2249
46297
44299
50792
5654
32044
42993
90475
26247
711
34534
47829
71691
77551
64139
78294
94508
11490
37738
60072
58283
87464
85151
88045
59568
38499
63376
18230
41789
42851
23403
44037
5499
84053
11180
27505
32448
70524
17979
58695
71234
52512
6523
59277
46414
87013
37570
40921
98502
91659
992
73137
79123
2494
77533
38690
57344
57260
73271
99132
111
13025
43168
5609
13430
70699
49465
45877
41222
67443
4571
12456
36306
27446
88084
82720
14458
25653
39992
29312
33663
40984
18800
12785
59829
96332
67826
17173
53592
41096
16304
70054
54121
75824
75662
83902
46522
25127
29778
87744
8921
50701
16551
61579
78146
20986
60650
8955
62990
641
38266
96652
57976
57065
9437
69749
77262
34977
23340
34710
67632
9745
88830
43455
1758
72731
89977
43236
18860
94072
52157
69560
26974
30087
47705
47959
90736
73012
10948
7728
11277
7599
84694
33387
99860
54442
10649
51188
94133
45358
18819
3877
50539
62274
5634
39621
68602
48870
58480
79025
17378
44392
5998
47464
8448
70308
54551
81459
81255
62278
9088
5205
44333
93781
38592
60544
64574
65592
11731
75058
10949
46902
78934
77839
25527
919
17459
94128
66140
92290
89504
83517
53033
95501
47332
61481
65808
18234
63414
96864
68378
68618
41196
78510
23561
18092
43083
89152
46174
18140
16452
93075
13425
10642
34953
30696
44452
96835
36742
18583
96704
6126
30435
60387
67606
12594
78621
43249
76007
75484
11626
60977
33031
90136
889
51122
33218
90041
13648
67710
22844
23074
97486
33486
58027
28181
77937
3458
25016
31030
22041
38071
37156
68827
98457
21113
81421
77077
64361
73779
68912
92339
51107
1943
82474
51996
69416
32043
58388
99415
16104
81231
22489
13590
31068
80515
41770
25357
83972
83137
56386
22364
21207
9893
91191
36016
47358
88963
29444
28070
79093
98356
20408
30200
16650
98547
2417
67628
56934
1832
83731
54516
24320
85584
21186
55442
27292
5157
54930
83677
27521
76137
9922
35063
28504
57279
40377
57947
1700
19469
56302
22108
66020
89303
41340
64566
91720
8967
93551
92367
34222
22721
94302
55407
78162
21593
76915
49444
5269
4435
25580
31542
55849
70435
5172
12577
28381
6872
48398
84683
28979
14417
90337
86670
95335
82056
11989
16833
91958
21038
25551
26179
60110
19852
97937
54624
41444
74852
4067
63065
95638
45998
94606
67839
16432
99778
80415
44812
23001
28812
45846
51979
59581
36183
55000
54915
18238
83340
88099
10196
20729
13650
52726
80839
33501
50663
35462
74945
41866
39528
54361
37503
1877
48966
5341
18308
65095
85756
63119
88095
30919
8965
56425
90499
61499
27777
45413
79736
11116
33512
6283
31845
63513
75361
12683
97013
42375
64496
88309
84240
20375
42669
38094
22251
7987
59787
40558
73081
45542
20028
77528
92812
45344
33952
83311
6842
61728
45075
89196
94938
25564
37392
58450
17276
66426
71815
59650
30921
60123
60241
51295
2792
14687
89897
10778
74473
30454
210
36366
66833
77737
29177
12177
28041
28839
19018
6120
90266
38299
95315
85203
80215
32706
60005
97490
99131
31819
57140
46403
91941
33732
14049
11084
48418
3945
21861
39242
50750
38423
75607
17583
16159
4784
29759
44199
49974
65128
50319
40239
19779
61985
25442
99993
94691
85446
10173
33616
70973
56576
25556
70624
36640
69474
90921
8716
41670
674
59252
45785
5457
5362
71783
70490
73005
12021
6620
34990
53814
6612
46032
55611
4093
72556
89226
91418
29131
14782
12474
16107
67773
98299
7027
23366
48696
88602
24040
24300
34386
45848
29661
57072
17630
30077
29651
23121
65066
83464
29732
27449
55427
50177
4
44652
41594
45487
