55884
2078
65677
13070
17271
45630
80151
14945
51102
33363
90893
35551
96276
23712
89946
38953
77646
69307
41309
66699
71976
38744
33155
15469
5400
13573
80811
10929
46802
3222
9654
19038
21651
75330
48459
38921
37311
28610
70217
88413
78324
61110
23963
74599
84821
30261
13552
78819
99567
54860
61869
87894
9956
95023
3362
15355
8596
525
42635
71749
20098
52288
90786
41749
43969
39245
80669
97632
67854
67238
86044
46177
28347
26358
37127
29519
56618
67030
8337
72536
38242
70206
76782
48197
81580
80143
79903
90175
80667
22538
61924
765
91177
69061
42513
51498
8305
39533
49129
92510
23122
51524
38686
67820
77881
92165
97339
50851
59194
22027
39738
13787
92232
16519
61983
73812
13014
41886
80338
10032
80775
58613
27148
88303
27674
86012
39800
52330
41897
5280
44840
65018
56803
99877
32838
51036
92041
30176
1886
67587
68554
57975
97725
60786
90846
59708
50949
3859
17945
47638
30242
15071
22603
57390
3373
66628
43401
59525
18957
85297
81156
80148
66667
37959
80025
99504
88994
88417
46031
7231
72355
14584
81557
70080
91721
72402
46139
59021
92612
64083
23011
22854
95505
45613
80243
15229
28592
39995
74753
63900
41644
55909
44048
8310
10219
40424
24165
15564
45192
70195
22794
17547
1130
4350
3978
9203
76752
50116
68223
85715
30550
7585
8568
26054
53197
5162
41282
98140
45157
16035
62040
86800
88295
22439
11461
14865
79214
35625
30428
24405
22171
53221
41951
39652
73922
45928
48854
67025
12395
33429
52740
42944
41013
61307
68997
10562
66469
10279
8701
27977
42665
87092
31128
47311
9530
42588
62175
88743
94564
92602
29500
33086
62174
71450
89089
52447
33730
37943
19472
62476
87723
88563
5420
28735
49869
74416
55648
32689
1046
64349
77017
60062
67792
8144
23724
93674
67083
85898
82416
77998
94851
11915
27435
73376
99717
16524
25823
49798
70818
61646
12273
58540
50208
34044
3626
16428
8460
59274
65469
25857
39974
42485
2271
24117
66981
25994
17790
34063
28244
16558
28413
23094
44824
55847
12822
60892
72370
38644
10689
43187
16641
39314
18078
66848
73357
38056
99627
98168
13681
65095
40377
70006
7580
42647
94122
74560
68640
11912
24974
13235
44821
53386
52681
89644
9233
65502
50536
97954
20497
77576
57493
37137
16889
75570
3984
90246
29977
19962
4765
43657
85057
45141
13662
8988
87787
7784
99899
72779
36047
24872
86013
80867
94610
38693
70510
3842
20546
37397
18147
41042
14973
75639
78178
31861
67561
98513
38458
97537
18475
43223
41194
3531
4715
71207
28870
8854
78990
28768
97984
31388
69991
348
12254
64600
39041
99116
84793
75938
36512
2940
16980
51484
78578
95157
99697
62490
10022
38154
60027
28496
97728
17572
48378
18795
88778
93599
27648
84120
22366
25631
15507
92356
25978
27761
73308
81370
43228
58100
57308
79739
61039
74287
47575
55969
85795
47271
18458
12168
1776
94836
57015
15856
12407
5392
34650
1185
15342
62297
85304
37707
4279
17162
46415
46608
61274
19722
27978
4501
94173
1637
592
71564
92275
48166
43884
78069
11788
78693
6589
13563
73529
63603
29418
2287
85347
64067
19823
688
42715
5126
38395
46993
38640
1161
93601
99913
37234
37930
4414
31406
39566
5005
19321
31840
69522
63204
26260
81309
32848
11223
31777
96451
40641
81797
21059
53886
98836
63774
75363
53582
27118
14002
54742
37070
13915
8327
74999
34680
56085
30916
56036
75405
79107
25557
54961
21719
23217
13209
54566
34439
44985
67368
75079
95399
65516
12490
49284
64352
92615
40999
17933
19732
55000
72675
73154
85266
97353
64504
36297
53437
11772
92332
28842
90878
17888
83802
12596
41104
13362
83514
91895
58346
50881
66973
53744
16397
95814
19380
97100
88428
60378
15032
24512
31729
4058
14017
33347
1411
78520
69643
54847
90291
61975
40
97521
96214
193
26468
53670
13554
9981
45564
71899
60862
28888
41995
93610
24702
61374
90709
29481
38103
5740
70344
69831
9798
84360
3177
27560
79232
89172
82406
85874
67498
82446
83394
63711
82638
9862
17380
12544
19842
79295
84442
97055
8183
26436
7016
49236
4161
97724
78716
42263
19816
49060
12094
45965
49771
31622
73524
29002
37145
72281
14876
4642
71078
98269
84705
53716
24482
18436
66259
60676
97731
67052
57730
5913
9840
64746
55148
14000
78821
50215
72615
14988
99274
1060
60952
65397
32681
50827
94398
86178
39460
9273
90819
10537
23894
91875
80604
48375
10311
63214
9050
8041
30266
83132
30305
56457
64229
1804
86808
59401
52018
59422
74389
67644
60481
51692
33040
9514
18871
27437
95691
58330
53062
2861
68866
76955
94736
49470
41681
5046
12683
29438
59300
66566
76094
32108
30794
77897
18916
6546
29914
78337
80934
97557
38818
48978
46948
64683
67848
74385
60373
26177
43798
79585
11394
20752
90672
60863
78784
12069
89898
45866
41506
65549
12431
17599
97657
59576
95495
16572
66122
41761
11260
63407
55669
66429
12384
2617
31111
80231
93353
7835
22759
37150
87420
34153
74253
78091
11367
53036
90160
17616
15254
48017
83165
44036
81968
97173
3612
93814
13744
86085
35574
41355
49491
91243
78227
10211
38894
58457
3563
63081
97568
57064
50500
48072
31316
44942
59438
703
51453
93406
15956
15822
76570
59992
97789
90094
79955
91602
20189
66039
43528
61543
31881
34770
69326
10107
61332
8220
84916
81246
71300
98835
38309
38151
46906
85976
99444
6343
86678
67249
99748
2634
83070
92669
78977
80858
82762
75283
88811
2950
41321
32338
80845
89553
83459
50170
16012
44790
74741
17279
26035
62392
16113
80695
16894
63018
66670
16338
85712
53348
83586
1812
72333
83007
94480
51309
80216
93594
26591
69026
12895
84263
17716
93739
90167
1174
60261
6178
62316
35001
39808
4702
97393
55920
85397
14286
18937
52066
46975
4649
21765
46912
6460
94097
29918
17291
61757
10133
27236
4699
95511
56483
5313
13226
66573
95480
30751
26833
18009
93066
61834
57817
14120
75578
13736
99516
6215
49025
67933
53190
70025
6050
16453
92836
146
46371
10126
78255
56503
53714
82953
68365
10196
88266
81590
76768
97
12341
3601
18105
21758
81786
92273
35877
73715
22361
51744
79929
71385
19677
41409
25726
65923
34244
42223
12293
60721
36829
85147
14434
19782
53512
40981
24399
17749
24495
63793
37701
58951
85551
35838
67576
37779
9552
89936
