46885
43968
18758
12144
4625
62638
43807
39200
14324
57845
2052
88663
2099
78029
24243
31070
23172
40204
97316
91237
72455
80814
14128
46877
39044
34034
17893
65334
83736
76187
55259
30621
20155
74016
42764
24779
36653
86570
80330
67328
60766
82381
55990
62864
60409
96584
10286
83581
36788
23953
74817
9242
4766
5296
72470
60161
39329
90362
41846
23064
82901
97104
53684
3055
71119
12799
44185
7771
15720
40866
91450
76485
39598
63791
55701
6
60374
82338
99938
97161
6290
91106
6402
27407
96401
78871
87567
35729
85585
29412
75145
68485
26515
45180
87891
97633
57979
48427
21755
90050
89292
13204
66535
28889
93346
38587
45246
53719
20924
61536
50880
43565
68993
73633
70971
65394
68856
74889
17474
70792
4300
92618
55628
47166
37798
43518
44798
12128
8296
82904
2177
13939
12459
85063
59179
5804
40001
20776
59522
77276
82311
26753
20840
51304
16738
8162
33049
1945
83050
66874
72736
87349
75844
28363
34514
29993
88232
95663
42120
12879
94918
60648
26817
7376
45711
2347
29531
85711
23122
5405
62987
21785
48509
178
89440
65246
8340
22488
67190
7741
5713
56277
11442
81556
991
45955
27900
89222
57970
70019
18452
52887
30667
45268
76615
92729
63966
22497
94791
87088
27901
74129
8872
76410
90659
98311
58007
15350
37150
41549
23090
42862
97825
34531
40770
98816
96838
68669
4389
71159
55040
22841
24045
2058
84460
17011
11138
48426
39508
5928
35513
83760
96409
60736
76521
87067
59046
34528
2416
12547
76076
25505
55408
73900
76388
12529
89067
73225
97550
93456
44383
52589
32648
84779
70998
17107
18142
82135
81884
74001
88062
17396
57760
84470
94483
34281
87888
53528
68808
90303
66074
61235
32160
37834
51486
8547
66714
40553
98123
64263
50360
42505
33203
83007
43635
4200
113
78128
86334
81997
52128
90748
15744
9888
91569
10227
60520
79457
80106
45679
86111
62532
6913
18270
365
58398
43168
83430
15302
41290
47693
65661
146
97247
48667
60133
1447
65132
38260
4132
63480
90388
11231
79223
16627
2800
5801
77146
98608
85907
22824
1070
48438
46088
19340
65154
20837
78859
64935
36139
36501
28979
18151
36646
26226
66818
13130
44024
48301
51390
64507
11780
41777
75738
91002
74755
94889
96803
51900
9848
99061
91075
10917
63850
53514
46608
45355
74350
25467
10289
26840
78319
39268
44991
14964
81845
28160
44446
42220
76460
95835
6726
88239
53963
98815
79240
28717
93703
92394
96968
19902
7806
4394
30819
71655
57907
77426
33361
32256
19244
43650
75448
97562
99269
20438
28878
97465
48597
73323
39684
25056
85509
46409
29646
39471
61576
25237
84539
55278
17631
81506
91532
41788
85899
22350
29795
43805
16127
63155
92412
51723
23156
67859
49284
22424
4648
94513
36240
53244
84187
75923
94651
69695
38684
40648
9165
259
65885
71888
99867
91560
63419
41654
77458
2120
71448
37614
18247
34603
30026
69969
74110
14236
35604
12886
18884
30117
49125
88479
14303
25048
99482
83998
80083
40129
9514
96693
22365
19569
84932
22231
11128
48351
63885
4938
66822
51684
42551
85068
2638
88928
71388
76748
19516
6992
89633
38399
53460
38757
43229
84114
80156
59062
84463
76590
99191
93977
73282
21555
13545
58214
60138
41024
22916
40374
45961
89737
92057
4864
91157
94695
10143
62544
87794
29658
85887
84408
39346
32534
27637
23460
12690
86698
7922
5631
2240
18250
78913
40147
48146
53478
284
5522
76393
57009
51482
82481
49065
72697
73637
60111
99192
52533
47904
28849
38419
25329
13257
94117
57863
57245
33928
86904
60294
58201
92534
78886
76451
87798
35384
40948
41275
52019
46469
34019
9027
16500
58091
86999
6488
18202
86190
75372
66105
31391
30143
7786
60999
24259
82000
34595
74538
68903
11240
32738
77788
90125
25540
65586
25508
66488
23212
93878
29308
57231
2904
43610
90082
60995
46961
96569
95548
49502
88293
78004
80892
18435
2141
58242
59045
84140
92836
33582
69394
4076
82671
47182
10552
8211
29119
52412
91050
52330
46289
20357
9560
49193
80319
15993
26539
27279
28914
38438
76780
17206
16441
74024
35640
34934
32265
11036
19073
25101
44617
4819
45528
27287
52000
56079
51849
97470
8490
59250
49799
71131
95959
75711
20323
76277
8055
63213
19907
36968
1650
96686
54173
34442
70709
6164
69375
2974
17199
88448
44426
78167
9618
89953
21806
61617
62383
90006
75438
87225
49256
41588
58355
61566
17298
95029
54194
25353
58241
74100
78672
59890
70785
32845
94331
57846
55360
80058
60819
72559
84857
21596
50725
94474
72530
72442
90282
62536
47879
93858
28143
89466
52212
89708
23116
63592
60253
48468
38184
34352
27139
98073
5136
76335
8756
62981
31695
5165
40151
20605
90021
78098
87681
84494
5997
60211
56935
12631
39098
21165
83592
10630
75052
89651
33745
38643
49903
98564
76827
84254
42055
91251
5741
34741
16358
85074
82787
21522
41576
3391
27894
19674
91072
12387
25670
67634
85673
38300
23083
6837
61140
6674
17467
36191
96324
67563
91185
62578
82479
84363
46831
40885
91966
68923
75625
8323
53996
58412
46197
95572
78154
74090
15245
69225
2829
57266
53210
88501
11918
76292
11690
73057
99317
45508
9247
11992
13070
431
74569
11900
1146
37751
52784
93111
28409
1433
77021
3172
63981
88944
97677
54423
4188
66902
57251
77806
36463
62103
89723
29107
73792
62779
28423
19299
88377
40415
48721
88807
14983
60620
6304
69086
29756
99414
92111
74516
69131
77687
81179
58075
91715
51953
78614
74968
25555
56419
11431
4010
62493
40537
77801
25271
68959
13452
13647
9373
78524
18806
40708
55495
25109
26145
85250
40875
18255
59765
58073
87385
53803
55603
61811
45518
7556
40425
20485
49462
13195
48267
53471
75688
88803
47624
958
74114
61075
30957
99838
55950
66114
56897
11444
91222
83041
96694
32096
1295
72810
6520
88680
42965
62123
66842
88482
86030
7266
25318
35491
20461
73585
5314
12500
78739
52937
29809
52852
30363
60765
69042
86312
26878
25938
97755
34452
8979
10800
82899
10273
83610
89419
15304
42926
67893
82146
31407
70274
5763
73076
5764
42575
63012
27429
55074
41751
80365
84883
10954
10727
61999
79995
97038
5229
5933
11145
39680
31263
21944
38930
41535
21905
44700
73191
64830
12592
55336
12588
99217
61098
2016
4981
20025
65027
32409
75098
23129
29126
76332
50435
39852
38331
46781
53242
59911
69065
64386
99590
327
2681
54871
24586
99571
31404
5767
28514
3091
34707
27731
64188
53074
49063
564
97823
75662
57581
26948
68345
24367
83152
6675
71147
36393
66585
40212
17130
82526
56890
19810
53749
15103
60747
69671
46506
82866
98184
49596
17572
42266
30136
86997
7680
30699
21448
5503
22712
95380
48802
91057
19746
48305
97731
90893
1049
80668
47456
18178
79545
4345
37988
33293
19448
98734
2963
65953
97951
17499
31901
31874
76116
62036
18870
83796
9086
40318
5650
31798
35697
70803
22854
55443
19108
36936
62687
20156
33955
26494
38334
13500
30838
92673
63144
66637
7758
82459
48942
5709
16309
80842
37582
92424
59229
72804
76219
68314
13121
98220
111
65169
69023
22964
20611
88130
76252
99649
24637
10206
26142
79322
40057
73332
71994
3201
39968
96104
2011
88909
1812
18319
86102
55745
27094
45330
28548
19665
13644
58020
17884
30106
23189
86906
69422
43799
91387
45673
59800
32376
55878
85941
11697
95935
75624
43
15487
15592
96146
33849
20852
14309
52167
6954
86405
95612
68635
14953
15276
98630
72972
33160
28736
12512
36417
14509
56311
27804
60181
32462
60179
32410
34754
88227
44696
10378
88269
76534
25969
766
10382
46820
31426
78900
70125
17831
74512
38760
49135
89787
37389
38458
39298
82476
50970
75715
96984
23632
19870
73516
56093
96400
5926
90846
84626
50621
1223
89247
27155
27191
90012
53888
90363
37790
32788
76839
55620
7299
15598
4754
13437
69339
59563
69087
51814
10532
61153
65150
34163
81022
38665
90255
93773
60942
81101
78398
27915
98675
83996
71421
42218
90360
25308
32580
28149
58095
9418
83768
81745
41368
4873
11534
27058
64435
80620
95223
74967
41772
60372
25481
39145
15389
15736
32917
76330
13188
27666
4244
11862
11662
92016
54079
2021
17324
3010
46521
91770
28780
46640
73515
86499
51512
1400
13556
32298
82019
8778
23616
40142
69150
49097
95638
890
81184
28554
77219
10723
56219
97815
22584
84232
89830
93015
2604
23505
12376
49124
15275
41155
95763
5141
27653
63626
6540
57560
95924
4910
66338
35891
45051
51839
1339
40688
52728
98874
85593
29946
9596
58163
44112
48532
42395
33942
57898
44998
73798
70273
10474
89072
27780
6236
94212
71784
69862
751
29344
82137
5660
95681
34379
67062
47519
35718
24101
246
34591
9693
46543
44187
67856
90655
9070
26602
66967
87951
14745
37239
98424
3817
81370
4660
14380
53154
90873
31483
82497
89361
53494
78177
23739
20556
42047
59456
44656
42292
10399
70701
88834
70937
54908
95840
80006
81509
53139
46972
69459
67884
562
84235
88052
81932
5246
18783
35085
96118
50265
33933
1830
3759
12109
25568
40666
70507
1376
1673
12798
11774
72373
17983
82710
27280
30175
79067
25140
83313
26038
94599
51196
42951
78833
55599
24882
84078
74382
76318
96547
24646
10250
98376
44756
38710
40295
85421
9216
41670
3446
22013
53443
92170
56348
52504
19450
86522
31570
60941
69834
73959
55539
37382
16910
50723
9332
58143
51152
83713
34461
64050
24711
44710
78777
69466
83420
19072
71239
92635
60741
91036
31000
30536
83205
3699
99391
19006
90220
30961
79947
76405
21271
51837
30138
38180
18912
39470
96323
86415
23182
47135
50465
64244
91844
45593
50062
91615
64664
21300
602
41757
28687
31601
88644
11891
35299
88034
30897
41870
35346
27195
34626
56617
79031
64764
11148
14294
4233
7470
709
43766
54604
67525
8010
62800
13117
58071
54414
77781
95722
71367
35889
24408
2967
24532
52650
54617
28917
99898
12838
27092
47464
20879
6123
12227
32026
36768
32811
55848
37476
92928
26803
5000
17289
5954
18117
75359
60368
12249
87432
48086
48137
28191
67405
89020
80841
22021
17936
80738
51211
82198
7830
98674
19428
30304
27252
67806
67071
76414
23653
20899
69341
66807
25898
86630
72761
60366
78340
49480
72614
82124
97565
20750
10314
64969
26121
91154
3342
44057
88244
54552
26254
12425
69577
62034
59080
13180
29839
42502
89593
69843
63400
75285
36649
61914
25761
66015
56606
75240
38629
38729
72805
75730
49042
54125
1851
56548
57466
45907
61143
28369
88512
73567
97945
50545
48998
11124
80383
91499
17068
66577
71251
92353
3226
76900
70618
28986
42914
27223
20578
97894
65951
9734
89976
31345
63858
91826
37676
54084
65386
66044
58947
55304
80341
25844
20653
7816
6226
12151
24884
72803
83401
17236
92380
76652
4205
37717
35918
31428
58294
33811
13730
68027
40138
61426
48237
48315
65669
85912
2398
47406
68307
77697
19061
64999
3540
39713
72815
26117
68216
97698
15271
67968
31285
7650
44620
51841
45367
96889
83268
20012
47051
13350
88039
87189
74775
52627
35503
56796
38538
54253
20553
23196
31949
55966
88195
35488
95678
61009
61604
80245
75058
76875
48213
22694
876
9184
74534
62594
6072
74154
82606
53122
3855
86996
56662
94981
39622
92165
51776
94511
46417
88681
17706
78365
44646
5900
30204
56675
83260
8159
53272
74669
1385
1484
13714
2261
27019
88248
81206
49442
78753
63811
18915
82607
67158
75577
77587
6779
67741
45715
17641
14157
50747
35347
8873
95392
57598
39076
68418
57210
47234
21689
31878
64971
39524
45592
67231
66542
50191
64788
32335
45295
28599
51250
44253
12108
26826
21839
35239
94566
83905
52879
25074
34651
88225
33946
46394
62175
89373
14812
19384
52958
51261
17928
92376
1510
75269
79746
66298
7604
25040
11248
58853
85644
23355
2030
7483
58593
96595
11472
21668
42390
16048
55613
88783
78222
44985
19946
13957
72798
81570
32222
81525
94773
33731
73145
90871
28
97100
32262
11275
72304
17906
50982
74333
41740
9574
70927
49478
37397
8946
91867
69797
80910
80650
48018
42246
595
61975
56540
89744
43544
88761
71268
54668
22491
61890
38871
57864
94152
50145
46520
1126
70148
27052
8131
19625
64448
17076
11492
34244
14338
8493
98614
56583
25439
76940
13122
15183
36835
18234
2802
7854
40725
63566
69744
79595
37782
80247
46091
84301
8655
63569
21504
78802
90620
29634
14778
71419
63062
26269
22015
77399
51113
36980
33981
76552
13919
63455
91734
67105
81688
10887
74958
38764
74453
44701
34710
28586
41299
97153
29238
49953
60721
50741
45106
67692
96727
59884
55462
59788
2504
77476
53538
53617
30807
87518
44725
67324
38253
28181
65364
49139
3139
4127
39943
64191
55189
84880
5490
52341
14117
71794
29413
81210
16900
77936
76783
68917
54075
46393
7612
65606
77199
11481
12125
38276
78805
50377
66456
44168
15868
85946
64646
72162
50137
36186
73394
71978
88526
3862
43771
34290
85071
60670
31393
79358
53804
16662
33432
63054
41043
15047
56604
52524
43524
47680
10252
94039
91847
42471
79984
72844
30985
46472
9030
4378
18449
13907
8239
62220
48197
9662
39241
95941
89019
93045
12602
22451
58838
92007
79845
90236
64963
32368
33759
92545
96399
44011
86583
4597
86481
82919
77441
17465
29390
2822
38194
33080
46433
26410
81276
72446
65650
93569
77816
75046
22522
16618
33883
30881
96463
40471
95843
45182
74229
4739
41581
91322
46177
37424
90592
39969
54888
36333
59142
93082
523
92222
55866
43284
89849
44663
25286
83417
22478
331
22291
39096
50566
53171
51910
65365
97091
81616
70103
55023
16207
77776
1200
53630
68367
57520
24869
4700
34302
5222
8883
6519
64858
98731
51181
90143
98500
90011
90473
37142
29106
57390
90312
81015
48425
55676
94457
42130
78951
19906
67031
48932
4624
24550
73800
9323
57563
24454
66445
30972
95754
81528
98505
85896
96379
88515
92720
33520
33972
50110
40183
14986
14886
12210
25794
61278
54339
75273
56580
90596
58655
5511
95220
99557
20894
57119
20116
51790
39916
67439
63895
37795
65943
66142
34173
70809
58862
84044
4780
25323
24226
19765
40208
52787
61911
17838
7125
37183
74417
14073
12190
79928
9292
11746
91942
30185
68864
12057
98327
25131
95847
62221
62925
61790
13449
32598
3576
97492
53730
28898
38069
89846
69105
90855
51756
86942
14332
5291
77711
28404
17480
73990
54047
45577
65931
84231
30792
94339
82557
55923
90185
61130
35199
51974
89492
48648
924
93067
62491
71005
38316
560
60850
7420
7766
12606
10714
22097
17896
4776
66852
51727
78765
20898
97303
44695
21481
28094
39033
20389
368
29217
81518
35567
97543
87361
84214
14818
96779
46704
85822
35094
63615
46671
58866
71381
75628
85931
9829
93523
90706
93033
61601
69470
30282
58903
30516
51762
3349
69548
88503
3716
15116
86372
39282
29010
73733
39847
43827
86863
2903
46000
38309
66517
9023
13526
54249
84650
99456
80430
94525
90161
73462
56125
59630
20095
15028
90145
71857
34728
76044
76711
38443
7511
63082
94077
36521
36814
50275
80347
40029
53177
42699
94689
36046
51721
8214
90294
36370
7669
87075
30894
14181
76888
87019
73810
96983
18398
80306
68839
69477
72701
61901
24271
80211
24982
18347
16731
78148
68622
13430
18176
38150
56128
12864
74195
24200
37429
60569
61449
67915
7815
75629
44803
94833
65790
41785
29582
46095
26975
99058
35147
88875
23328
15357
13856
58027
32088
92003
43000
61869
26530
81149
34348
71696
58547
93173
52536
19115
54621
20450
43281
46601
65252
38113
12390
23388
84046
58484
50362
99455
93630
55588
39135
25339
69444
13513
73778
77798
56512
35646
4328
54012
69993
76424
25707
28539
69597
78242
64005
40569
15044
7286
87170
80295
61750
99559
20035
62148
74395
70396
77954
84376
42336
17088
9714
28131
30600
83491
3463
26607
57475
5480
3031
83181
50370
88979
77775
30727
45899
92818
54364
33068
89464
16113
48979
9498
94612
39725
96246
72566
24100
38581
6005
50166
83063
36605
33656
88990
69144
13893
90975
34979
13426
57697
40309
7552
88423
86207
369
42786
35627
6184
75250
84605
32034
86214
24329
28279
58779
64780
83211
64783
14945
66273
17739
64953
71614
74158
50448
3562
4402
41422
54892
17827
15470
95200
41730
3892
97759
58450
63029
33385
64634
54631
34341
96667
40844
58669
41297
99622
39800
24507
80756
54745
7131
98495
19697
95096
89004
70144
98658
93405
27917
69901
27584
43387
81453
69313
63630
79211
27763
26659
28947
92396
81289
63287
89062
38484
21955
46710
54457
61754
71216
35212
32850
94698
50058
52546
89793
39061
39041
4802
32466
66958
74703
60049
26696
72507
29361
90325
51717
57123
16983
80663
65870
14623
43949
71283
69458
82255
17992
23914
60360
89207
59126
9562
256
9183
78459
90049
48244
17500
94850
80709
809
85904
57109
27504
58410
86469
17828
26478
59944
51163
23492
25813
67440
97096
51595
66046
15087
75508
42758
20646
50985
52319
20901
76520
30777
27301
24763
64628
22151
21823
65436
24406
95283
9291
82816
81751
27119
9293
41694
94633
32785
83859
76769
16576
80954
98974
12392
20223
58083
49389
71207
10401
70290
64078
57529
13942
5192
22157
52444
27014
3944
76850
22296
13235
76017
20399
40353
85309
78444
34985
34445
62302
28105
67373
59607
56468
82698
71999
93042
40780
21387
80600
67532
8028
44678
25060
21970
49869
63568
74413
93235
67512
67614
31882
80746
43630
68632
37450
45291
47076
88786
96087
9377
16890
63459
68984
89709
62508
57334
82750
3287
78720
79702
3100
24379
12230
41421
90599
75797
15833
83833
59660
99799
32067
40405
43428
698
94206
88718
47773
82991
84805
73502
16233
64615
58837
5941
43475
16170
5043
63113
11241
84744
50283
30692
25474
62512
72112
16072
54660
4297
16257
30672
4095
48323
87428
47522
65372
81634
52592
29497
80976
53748
2998
97208
18362
78186
19501
78188
10707
24543
41301
38299
9286
91583
68991
34759
70446
41102
67182
41457
83438
72128
65844
48112
59556
29718
13484
57541
82309
42980
38516
36056
62329
52076
70769
40514
71576
48957
51220
90257
5870
81839
74860
72865
68636
32314
56398
10092
94063
39836
82220
59907
87947
58127
89624
1430
15667
88284
60761
70534
24339
23089
22609
11459
63602
10536
60415
31173
23005
67023
37043
61111
65213
11902
50327
33848
60567
6725
43940
54630
46560
26159
30888
50858
637
20511
68640
16303
25146
29400
3188
49484
52489
42149
77294
32442
52684
37709
92041
21083
17009
53151
86296
28910
3478
20143
5829
10202
64082
60458
73113
6592
91345
40322
7228
28207
8961
39882
53352
54713
43070
19187
7201
1570
12832
55994
70605
66892
19608
62645
87975
36616
15796
74270
81878
35625
94412
87706
62178
74846
64515
35290
81437
72211
91963
5017
417
61250
70120
71988
4319
5658
95540
22240
18489
51533
92845
85381
71141
55489
73355
24108
87636
63976
22337
23260
74739
10042
85437
49584
90908
37078
47373
63118
29041
52389
63534
46316
13638
50005
34655
34309
55662
30194
72900
90503
81726
65744
92235
69218
21233
81941
93326
25220
45916
15662
48480
20654
42056
50268
86590
32963
87346
33962
96081
2702
75966
95405
32691
25971
30059
83351
97984
60252
56251
4838
41977
21994
97072
11195
59578
79012
20872
84798
24927
36533
49629
61933
94940
99896
48522
27903
3593
82483
23983
36330
1536
16300
31734
34226
42270
78144
17577
38395
90179
61443
96724
28524
58515
24270
4454
37526
45141
89251
98025
55231
40737
92965
55126
89258
37219
58719
88092
77553
11400
89627
93852
59486
52474
37629
74132
9079
64310
70521
89099
9186
45387
13368
13639
99265
58508
19241
78069
72884
74471
35157
65848
45948
24414
3066
4666
28857
80618
32418
18483
90822
91903
75038
43295
49170
52373
38258
29831
39245
27356
39016
984
40723
69006
248
15582
88246
94668
88466
62716
29824
70665
8664
54237
90083
29681
99445
87052
62098
34279
77873
70352
9316
21167
16235
74837
89891
54492
4668
45488
81848
60035
62823
38922
63070
70856
17286
57737
75673
96354
87560
46337
58148
52771
51049
57592
39823
13147
91870
34047
83498
1185
71566
16084
76022
77808
70576
97041
23295
52423
57075
86117
7696
2467
65538
78551
19753
39626
54223
16106
27185
16912
37474
1684
86034
88522
59275
25856
18020
67496
59903
17870
85033
31468
33953
77406
25627
4528
74446
48922
73302
47872
80998
50339
33280
75900
86443
72905
46475
18900
16442
79738
72725
18125
65771
61246
93752
91627
79266
61247
67881
13487
46279
15700
47439
23684
41326
51967
14481
6599
25268
78705
74341
22617
45395
7620
98517
31837
96876
67088
13317
24728
39812
31442
6850
17409
41545
98476
13026
2791
82708
26512
65422
98407
73951
5457
56085
25917
36290
79035
67536
14994
53375
90153
60388
77346
5021
8576
74222
66363
92015
87538
7442
48178
35331
14291
12767
94964
96018
11826
21475
77791
26585
95425
99599
82669
37693
35888
78055
21581
67233
31430
11733
43972
8775
33105
52547
82996
99467
60913
86886
6908
9090
22216
21198
91028
15443
50316
85991
27812
62142
7465
5602
5078
19242
5200
4098
73286
57440
82152
94866
24672
13581
22950
68644
38708
56054
37542
38055
71872
98455
24940
78779
23896
63508
99977
14923
78950
50292
913
6761
28785
24730
28714
33862
43971
37959
33608
7704
44826
50043
84127
1019
5102
56533
54912
43157
53366
68096
7183
77262
47955
23511
8536
26904
90154
9449
50016
18939
34178
78729
69152
94500
45346
23463
44459
53049
59925
89284
85424
26319
73411
2794
31421
46295
74058
90929
74698
27423
75376
81880
21036
23331
5390
29572
50234
95544
55372
16602
30834
89549
11682
16337
400
57027
39799
44858
10076
16075
50494
11851
58746
40256
30997
6518
86550
5054
97446
48828
72821
59479
69864
96151
81220
15787
62737
76763
71158
95690
23948
77058
7371
56637
77457
80750
12787
38666
90825
28862
19027
3959
45766
50023
10476
32315
71428
7921
9914
20256
97093
69392
6471
50611
22257
72332
43726
9766
68021
84025
86823
91743
40661
80631
72492
53448
19296
79668
98661
24807
2619
86924
65069
13094
35591
52849
37366
45504
73104
34458
31247
95926
44053
98209
18182
32736
58286
27947
17108
42311
31121
8851
99323
11751
97694
52770
47398
93714
67782
88556
8760
70400
75480
90180
99845
11070
43028
37210
72925
32483
88020
4171
28408
48424
2379
62941
81160
77017
90887
98267
19327
38359
23469
18649
50109
37515
87771
13859
31228
71904
2414
56339
42304
77893
46518
58500
89546
12062
78238
38380
81
98760
66788
48504
17491
29728
46015
94507
36967
44282
75325
84102
65185
41786
37968
69307
55644
85547
41211
74409
41885
99866
68654
88403
58365
73967
94300
70426
68557
32679
86858
83668
15818
51714
1158
61898
97728
12016
98864
42009
42200
90540
42463
7385
48677
96782
93043
20672
82329
34253
95081
24213
34118
63734
12615
8835
54052
23266
38960
72297
98822
22628
88114
50535
40137
48262
52153
65226
6623
94352
72118
65437
18088
20794
62218
11131
57818
44546
61735
52898
68759
12205
32983
97725
21039
3386
37343
33002
42346
9639
31823
81325
14104
98709
21461
80467
46971
73613
62044
53593
84317
50513
35381
18756
87659
97598
46238
45476
42144
7973
14725
27254
20177
64059
24978
57567
67444
6920
26141
88310
55095
18766
45278
15584
773
18890
93979
70717
19558
44492
6097
38314
32150
20047
84551
77625
62190
92523
8701
89443
29051
72759
30772
86617
40202
9444
93537
66343
14105
48631
90159
49222
18785
35436
64805
35910
70678
58784
22978
90235
3275
29075
44900
65473
29451
27662
38325
38100
33456
67376
10858
80579
70344
67411
6374
80232
50105
20479
45214
56616
69700
63999
92051
50857
99908
79080
9640
22885
69315
29266
68311
30566
81041
33783
76368
26792
77796
14693
81243
27603
98420
8452
8182
85115
75862
14555
65347
25967
51385
10560
98934
37437
74558
90984
90817
70064
14284
13702
55730
43549
98364
86295
40941
48499
62663
67732
26294
93707
48974
53897
8478
57425
78430
93592
49638
9336
75290
91956
85850
90889
76759
98225
19153
83928
84640
33436
13981
40369
93336
12344
43015
50628
60842
22029
34711
3488
32087
83684
73736
40564
57460
52165
50508
23449
61500
25797
15405
38572
27998
22645
53080
21109
20869
88584
5036
5508
22019
19016
62228
31706
47711
5243
82333
24905
43623
17043
28392
75710
17078
2127
32625
70643
83132
48494
25281
46094
87066
53278
68738
56497
90738
89607
45081
95773
11466
83451
31140
73694
15157
78851
78936
13841
3755
38910
47236
48498
30971
64313
66976
63596
71554
37618
63079
85891
4711
48336
89528
57989
33425
62377
65078
39383
7457
60851
50849
7259
91990
24542
22415
87192
19829
52608
7298
58738
99843
55795
64155
22770
69656
52060
76739
49086
37950
79202
53797
2637
85081
28137
36062
47457
93214
75444
71265
54064
26292
62406
67185
17290
65949
87013
69897
73247
86091
68163
66598
37818
18657
61253
86903
72959
40454
40699
75595
25535
85187
28008
89343
78401
3452
60608
48816
39131
11221
29632
72772
77170
32996
42669
66768
95098
45111
12160
79612
11708
96674
33781
30365
57927
37036
3323
14732
77734
95269
56618
79273
23277
57673
43080
22920
5526
78402
34061
51173
27582
68153
10193
94349
79602
6508
75566
67011
3182
9346
97375
77460
46381
17049
92191
40467
12318
65161
19739
35594
11121
77411
95025
50392
250
550
28793
34310
52059
79965
61891
36563
90158
56239
16164
45461
