67791
13312
96994
77286
60421
95161
53933
72220
44229
74809
36340
3517
68867
90312
73521
11734
85762
29061
29139
62866
91599
98968
57591
36290
10165
89409
11851
45625
43
64324
40210
67833
93988
53555
45119
54408
48715
15403
42979
9295
6564
79318
29163
75430
85981
2683
87164
88095
48095
32654
67312
56045
31621
24902
8686
58137
30662
20537
3761
30704
1212
60322
98536
95199
13876
60006
65959
78942
91761
8937
88236
98324
4607
17398
90105
90587
36432
93620
95033
84526
42625
62344
56923
74245
87245
65608
48733
34258
86144
68845
64961
87356
29166
79849
98906
59393
56206
64864
38334
47966
90153
26569
62641
94759
60318
69098
1697
96749
62717
13082
97627
5342
75425
54549
95938
79022
36508
61023
13279
22652
29867
94592
26359
75385
74440
41616
51129
30645
22832
89463
94963
12984
32383
73955
24094
92701
43052
42142
89449
5769
55223
3427
27462
30648
57975
39751
9669
94483
17125
22947
33486
63344
33890
76196
38728
8329
34163
89856
55326
56994
95670
66640
69977
28053
40594
94070
37105
83646
52564
42905
5766
7786
46332
49579
38433
20658
89329
64453
31492
22806
3752
64977
86149
37641
57524
24876
62322
91687
31083
33999
48680
43105
638
35009
87509
41231
45430
24613
41228
97993
67517
46993
5779
30200
96571
60563
50858
2252
41368
82349
25057
63678
27557
82759
37553
68784
61432
29239
99866
95430
94271
59322
96067
29279
46830
53650
91060
71442
94877
89053
55311
58222
11183
85510
71144
88097
52719
73395
29464
51420
14803
74582
15097
42359
73693
69001
11142
51476
98240
27360
46906
8862
86681
59324
54492
33511
29325
45551
21304
40554
34603
76614
98775
62137
78476
86270
50234
47546
59665
96049
98965
90819
86983
30413
49530
60675
99414
60671
28502
14005
4382
91759
39218
7415
51083
93709
40925
96759
39259
62228
37312
90214
55194
52438
52350
50021
38708
18935
13918
14724
14984
12883
21894
1966
59647
71423
78992
75412
48446
7493
5768
69179
99252
44985
76593
66686
38693
17517
63444
94304
96097
17108
84517
67642
85897
53218
34014
40956
72153
47931
72031
3488
77165
93925
5453
36812
81699
84444
28575
30144
8288
34343
99323
23891
95679
75915
90576
50724
9784
70372
45027
22232
3831
45895
89873
89727
15464
40238
30683
87616
88168
2713
91103
65333
12989
12907
18496
94688
97350
63422
41183
21990
14116
56857
45880
9795
49124
52808
60518
58907
23179
21896
97490
27009
84142
3714
33087
99605
43951
80121
3573
32118
99186
11027
13802
12174
23934
32297
23213
37635
95719
64396
59624
26186
21252
5504
35980
70375
58311
12849
45633
97841
51096
43122
41201
35237
63187
74287
51194
7137
70760
54766
39255
69945
65792
53056
82118
89725
1705
5331
13775
86078
3335
39960
7329
25190
92292
94056
99852
5140
56040
14044
56236
15514
55244
7824
78700
45883
59017
85837
16642
13782
41443
86586
95926
10850
85055
2002
12554
90385
45713
42680
92814
49048
98992
143
90589
91283
10550
90441
12774
82941
4484
85361
98454
76080
93185
93506
21962
68553
95694
38603
98687
37136
41540
94612
47985
26594
96613
76891
33331
42326
35922
26144
7725
34913
42638
98313
42547
53187
5105
55321
52480
9589
40681
50933
85668
50217
60790
23981
35122
56483
78935
33808
93618
20474
44771
57955
63419
57735
51197
60
3470
39245
24136
54735
81882
22449
97281
51421
27553
68953
3900
53493
25986
71184
55512
92554
31974
95844
27675
88456
74778
61482
98426
11603
22604
72732
75022
80339
40280
88122
96750
60101
27366
20886
14835
9248
59686
28468
77020
3590
97420
80919
57083
23405
52102
28946
15959
427
24790
59985
88883
99567
21467
3660
27522
60422
92743
2543
40760
33022
7016
53862
93122
34382
74747
24309
59981
50784
52776
37000
54373
66547
17918
27807
6304
86371
56753
22262
86798
97894
98598
92032
13812
36416
12043
41333
96838
4785
43875
37597
37806
50891
7810
47279
1624
82556
71587
61604
33339
40714
14955
4064
7261
49224
31870
13564
35594
4974
52177
38743
2867
50774
47126
33031
87190
59168
74363
379
63952
34590
54327
18109
85480
81740
3455
44692
69678
81410
94383
10392
96364
14798
34004
45587
63019
47567
97532
84345
16095
52627
3563
83220
99752
36593
86761
58920
10956
87139
39223
45545
41466
57332
47376
3602
55423
50830
64645
25100
48591
75379
35491
44954
6528
69494
6892
69547
33412
20775
53891
49506
73401
57453
49078
73153
10398
35838
48424
21353
22977
3998
66897
64442
77681
30624
84395
33103
81453
49039
58203
30043
40770
93693
91348
47297
79539
98239
33195
29302
19013
87085
95160
8766
60890
44237
98270
71287
80074
46693
8991
3050
67042
75887
83843
44723
6510
68237
77825
4314
33628
36027
50708
90749
46072
42055
38045
41962
56645
71240
87615
92009
74676
82774
774
51917
27010
99043
23203
7084
62087
32193
26485
29129
24431
10328
90203
47292
94916
68027
51605
28543
20406
18664
19291
82829
77070
73688
41142
33714
44927
28756
25723
35954
11530
42848
87871
54891
41891
11073
78326
3977
59618
4811
49457
400
15138
39659
47692
26405
24038
15648
54948
44443
34312
90590
43623
11381
64277
84764
61447
25555
29871
87169
61509
57752
30016
49379
12643
88258
76803
90968
8587
52772
12130
58043
53172
27267
14054
17215
70024
38091
32862
24971
98885
67173
15560
42507
94906
96189
43622
56352
21743
73492
59872
99603
31244
6239
60238
94497
58488
51205
3083
11259
63335
77477
80782
6953
91530
97996
76976
29620
30858
18298
28504
14382
50210
87362
9287
46398
30983
81990
84492
20827
41861
447
68422
64452
65779
28659
75300
24266
96215
94734
51877
59549
72210
32658
82854
80092
30654
76181
26063
77863
94479
54567
92244
61040
58280
17883
23789
5615
16224
24632
26441
74437
25078
11214
38888
90857
39872
14187
15122
25272
66998
28339
13833
16008
11192
93924
63013
3724
19987
40875
14554
90905
49470
75593
49184
67352
15733
71150
99928
40365
13942
74364
65442
25155
13251
56298
81378
43789
87772
33816
69060
71121
62154
82892
87128
89697
93168
50140
9772
13154
91014
24326
20410
56836
16270
85945
24187
32003
57095
40466
72367
71036
14829
37808
12543
28079
10458
93920
88219
98229
44087
73630
69349
22592
56522
56477
12288
66041
22968
38412
79194
13982
62737
15955
70817
95358
1899
11355
58993
51821
16078
46381
83001
70238
58923
11080
80695
52842
15650
95275
96929
89280
64623
19520
62153
37451
48160
28193
60419
86571
23738
90752
65659
39692
77920
77368
41590
5626
4728
16935
73798
37157
63315
56799
7394
22237
84230
4440
75078
99879
99714
88358
89158
80689
24230
67662
18139
72389
95854
94909
75311
35943
85660
57321
75634
79931
34688
33576
85557
55767
50510
59354
9276
13824
32504
16669
52412
16733
37461
27489
16612
37174
32199
22121
34214
56428
6135
52353
45168
18340
63613
36830
54283
49273
10502
29916
45555
45189
79843
31111
17308
30352
6817
26583
60527
39320
59603
12938
56053
97063
56779
89016
50589
5329
27488
84802
61756
33622
53506
23275
51962
17119
60104
6244
82743
86957
52511
28297
48497
48706
75760
65804
79057
82576
8738
55936
21895
68341
85225
77947
81755
42003
83314
48695
63683
10802
33497
25438
44423
3354
65064
12736
36824
41519
35331
19566
28475
87842
64215
76972
36547
39974
59127
31955
38901
67865
4242
60795
52557
89467
55094
50663
47821
38407
99358
11504
65560
49206
53293
9983
68911
18357
39070
5735
59875
74401
41652
4702
62242
5866
81673
15140
62191
40799
63446
1091
25015
67688
78238
93923
73506
44586
21326
88089
60295
49181
53649
25852
2474
79983
94762
37182
19052
496
13408
9804
42148
88397
64365
99781
3536
42908
56932
83334
60350
98298
51021
54939
92221
40878
88269
53158
62203
92710
29804
27736
62710
55655
30209
42692
50416
83742
78095
67264
97149
4251
25763
15258
92647
6479
31390
12535
49386
4673
95868
26088
2971
63240
81026
11543
4117
85647
81052
82671
78356
27207
10406
57417
82861
56966
16460
49628
40707
10906
16891
37856
15156
59005
69465
7803
65484
854
20337
31221
5527
32556
57308
24849
95795
54686
36391
99911
40332
33794
98933
35039
61000
9339
92455
60212
66304
8914
9839
7011
19819
43082
61218
51327
2086
30682
59129
83921
31535
95817
15142
53413
28372
72449
78261
40518
43486
31003
56780
83817
81148
55712
35207
42147
65050
27661
2358
31354
52926
28549
54716
89097
87982
15933
40423
90067
46614
15903
73988
78148
28071
5481
47913
56442
94281
42525
13311
37767
73528
70090
37935
71027
42153
73142
13174
7203
17154
31883
54908
70080
76783
9623
75528
64764
32302
71183
72168
48204
61522
66667
76274
67002
14579
49067
61282
73456
78729
99048
48818
36983
34361
90970
26476
63886
14524
43629
95769
69431
30060
88903
79053
5587
53667
37888
93126
2443
86370
76145
95068
69723
7075
60486
31004
80530
39214
46404
43864
4383
99738
78225
95353
26213
42110
26228
86193
54230
95659
16253
43133
91063
38191
13151
12022
92431
54351
5147
94873
57072
81291
6293
26794
88366
83130
74149
68895
22344
36904
29111
26726
36641
7335
38430
79205
65796
64658
81750
20026
76668
98002
79510
67730
36192
9012
79751
28622
63362
1250
39847
20433
82540
62491
63578
87257
45620
37726
72504
67963
74630
1614
11041
27622
25300
65822
91095
30479
4928
11120
23498
2929
6981
91228
55472
15992
87330
84094
79353
88579
40292
16137
71119
2782
79714
74727
48401
17440
47230
32716
8421
65195
60108
36042
90494
25929
59220
81589
72760
64147
9060
96257
83427
32393
3836
38899
48384
91166
39344
44089
79744
79635
60225
67214
82416
56291
41941
47168
73730
5522
96235
98502
87069
56342
34543
77562
82271
10115
75502
71382
90613
914
67638
74040
33306
71474
98041
78991
52281
42129
58734
31915
18706
25948
74996
84240
94201
65077
89761
90436
93181
63129
14472
70743
61751
24586
62596
33132
15199
79861
17122
5590
13166
4947
18527
11207
83937
70807
69687
42670
19073
88392
84969
66106
63387
69208
76658
28463
75321
83445
8392
68501
46574
22864
55595
24676
63801
74160
95351
14403
91281
940
43921
12579
35818
55127
12867
22976
41165
55536
42048
29557
24505
42416
17515
54110
17736
959
62501
2589
63884
1716
74535
88560
81869
25429
79071
77219
39832
70351
94511
83752
99281
30328
55230
12147
53304
96394
84034
11703
42302
40890
52560
51597
83306
70074
5706
17393
87384
84558
36333
51268
86274
10868
56179
84494
36296
35249
78064
92479
21951
72574
92582
21231
19254
47811
33377
88909
60557
17410
611
2858
74652
53170
54454
74309
39595
60159
91701
26979
61069
44386
78246
63694
55253
50776
48187
7900
86024
26250
16731
7974
15176
9312
45556
50781
57123
78932
39689
17679
12693
40299
20536
87344
9821
91342
61652
65767
67852
69705
92745
28920
14090
87342
92613
85694
38117
57151
9945
40492
99753
26675
48465
14928
35987
10372
82060
93109
89303
21748
27139
18348
78398
64026
22043
4570
55367
47
70337
23219
69751
63081
68490
192
66775
77455
85885
4891
34605
95829
61735
34357
38856
10199
65636
74842
36923
47695
84302
26225
85794
27792
60924
64192
91817
82967
68761
63536
83013
55449
3106
69115
34882
71595
69306
1656
49049
71542
22898
83654
67370
84632
34362
22577
99998
97418
48105
64044
98071
90681
49838
25862
14029
50923
99141
81214
33935
54590
84319
3049
89471
72265
88706
91126
21314
60247
30375
21319
43968
15007
72032
66545
26189
72029
63962
90645
52425
78385
81325
2262
4246
49281
32642
21924
203
31782
19489
34137
20159
53537
92193
92424
42242
99670
30089
2488
30045
67759
46456
45051
39790
13000
87591
28171
93313
78235
80595
71697
75911
82856
92295
25192
15497
14218
25394
63630
50059
59531
66353
70217
29419
58545
71661
58215
9080
74148
4611
93190
36955
66013
32980
66306
69955
61150
75971
48189
58096
64019
40451
57303
56313
65642
72799
70531
91036
52780
36941
66918
19132
7157
96336
77677
84348
52243
11580
58496
73205
4770
11802
39217
54101
78108
9171
31602
70430
73711
34448
14161
46999
90761
96155
36149
77643
3542
88928
14583
70459
8060
83146
2088
40591
67494
70682
52171
42341
43886
73292
54142
99454
27392
48601
24976
75345
19030
98686
65041
53478
29198
28391
60590
41704
64539
38232
45245
69818
69166
15703
77877
7256
15201
96316
47847
82694
66997
16369
25034
10882
89660
95527
10335
33403
60480
35310
8747
79509
50347
90139
49338
95897
34881
26279
37600
99419
64510
99197
85588
33675
14899
63465
57283
46451
76132
5129
29144
43129
21497
70529
70362
27508
82408
80697
60910
42887
32358
86008
38747
99057
92498
4437
11305
27378
30715
48904
43148
95225
48100
28735
45251
79351
8551
18885
25801
84683
24013
71297
44163
61861
58177
89368
40584
11572
66629
83470
43930
68988
38569
59338
77837
43005
70642
5214
73719
35897
64713
85295
83997
9800
46898
79699
18350
65782
21851
19384
6147
9499
63546
68007
67676
94422
73727
8259
5993
40355
8081
66274
25695
46649
25611
3531
6005
96252
25097
79723
32149
89809
81370
32497
15960
28267
28547
50662
94048
50397
70045
194
76248
49943
84553
43923
44364
58279
68533
66708
14985
76613
32982
40679
39613
58592
60562
45617
71196
2010
41692
3344
8170
23061
52192
24130
80738
74791
61726
47486
61187
78272
23733
27481
62824
67655
88196
37454
36188
54904
29152
87885
9469
85117
62828
86382
30733
34023
88391
88776
53718
96560
11836
5909
37041
63162
86646
11831
41240
34132
89370
19511
74216
16850
41871
5046
52491
94410
59949
21280
39913
64185
30748
25029
43364
33481
72114
77387
38223
77241
31104
51135
89077
37013
88175
68590
40010
16358
9829
90493
5727
45691
64709
22576
60728
22931
43973
13218
33692
3921
34498
73604
84457
81597
27821
15078
3450
21559
69652
80690
52662
20786
86118
6026
8961
54708
46036
25318
80888
52880
47396
42931
17588
69971
3658
56870
13944
33228
90561
34216
67725
80517
35025
65673
11853
79197
97102
31654
755
66754
28695
53416
87539
14813
75794
12851
85872
38181
54520
66759
1915
26041
25000
71886
29699
2181
62926
88782
52748
47002
69298
12674
97502
66968
9776
29155
67722
76529
57849
37490
80419
89013
29635
93270
74884
67815
47789
57995
58874
66056
84035
225
54293
13733
82094
56473
93010
70875
25572
40011
56524
13344
69037
54025
96663
78812
99531
80737
71692
73731
34578
52110
62744
64212
45379
37627
32026
9520
95621
7251
75575
79656
7476
9740
5921
2691
19102
93147
44614
75464
66022
57957
44500
36398
70972
39663
35928
68060
11354
9658
18989
63464
72401
83200
25194
26380
31577
51065
38352
55179
42991
34359
79006
89209
60451
1278
8251
79552
94424
52865
71367
76797
27173
15867
13194
98144
71881
65473
82555
83235
91483
1543
63050
80235
1094
4595
6614
49022
55660
44966
4201
15002
79324
99558
4211
56126
836
12461
35677
11611
81677
7044
88408
8850
39262
17953
23345
83426
5900
10728
74908
23794
73777
55142
94724
90261
66735
39425
10813
81736
18748
10371
2298
74874
27558
26902
55520
12787
50297
43927
37988
89558
78232
61333
17052
61657
83584
27779
52916
7377
17908
24409
48616
12631
2516
55229
79365
41940
77452
77040
92763
96102
68265
20320
27212
11518
75840
56350
61815
36118
94338
67724
14349
55670
84775
92357
39253
28906
61624
62981
46813
86033
27949
75795
4900
83177
71511
63192
49217
65314
56583
58332
61415
41199
78651
88626
52716
70842
61328
30882
6960
55665
98606
37660
27686
99732
30017
66938
28637
7992
46270
91801
94024
90570
67595
15276
73746
55457
94819
39315
20771
51401
97646
82185
92599
92648
87163
61666
63490
48490
8900
86801
4154
7505
24460
31839
23588
70828
15128
52225
78820
77749
60377
89195
68319
44324
4470
58416
99780
99288
97730
20550
67040
11727
2735
75990
4375
6249
37656
67864
54738
46555
54664
75243
70411
95475
7081
93998
66303
38560
62574
61474
32660
39303
50668
978
83626
55138
59394
83405
70777
73475
3955
37817
85202
23041
30158
89576
29289
67813
73791
84026
30719
44806
59268
17481
82700
27831
22934
37611
6756
84407
70270
46058
35075
71248
29683
13088
93692
20467
33394
47860
22020
56434
78018
11595
85722
62182
1737
86099
9253
46542
61718
26733
86822
44417
54563
26107
98379
61319
10514
68648
7376
61940
56247
37059
84855
3239
66498
78546
40058
99891
26406
62077
56324
90024
58397
82956
91760
60847
92208
38302
22564
35293
41475
83332
89855
83933
81710
67525
94446
66709
91253
56385
22956
44663
41239
26194
11160
36137
82603
27402
78894
61032
77
99668
51055
58473
98975
59166
35671
91183
13819
58234
42827
71645
57917
49033
55578
55978
16558
50023
22686
24162
22760
45641
68824
80350
88187
96335
16486
70789
23736
95379
48172
23812
11398
99226
98636
10373
74744
34306
17907
88562
8891
60733
60207
83159
9765
15784
39136
42674
82158
61821
66835
4917
23814
52010
1619
12000
48344
34456
99140
72079
46187
47312
12242
57584
62889
27229
67956
37632
77886
2214
3128
62946
2752
86286
89063
18535
41773
48088
692
3594
14923
21961
43759
66932
23579
55758
31628
58034
71249
20058
4220
34912
32300
78156
14153
75880
46111
51784
53766
64677
94329
56893
43974
97080
33036
15614
1303
81124
4896
12398
54618
65006
95681
78196
37115
27308
52581
8364
47366
56801
59627
96017
34956
73779
88248
25563
42013
78446
36243
22420
33323
74788
55455
65288
76090
52930
14297
97338
65327
68914
62343
77360
63461
99458
4667
16042
7821
68384
89194
83799
80752
40501
57578
69000
54270
99492
11012
35734
26269
71487
69056
1056
26941
50696
77146
96223
64992
74483
77901
50258
53177
55260
13718
52634
76279
76806
44662
51656
60605
25414
8508
18182
94413
79130
17673
21776
28197
53406
48045
99683
38814
65452
42975
5861
58949
55549
70852
49783
33450
2960
5061
67531
55593
81339
29993
32399
26001
81649
93003
67766
6508
27536
62178
1989
45208
305
30185
14965
64701
46219
70130
30153
44742
63194
55236
94543
654
74547
99604
68184
46491
80942
98177
95241
23294
96177
91059
19036
32130
69588
21025
93689
69893
67561
8654
34593
13780
78783
81097
19325
71125
86550
80418
34318
91313
34971
49035
90916
19507
95525
88209
34035
90766
11503
46563
11712
18913
81950
43842
4853
2974
53882
74745
86887
78887
25689
17018
57670
6786
36342
28794
9687
33111
79463
67823
24423
30785
33209
31690
66643
28733
19899
677
35850
47753
63591
47562
83017
45541
7755
87869
64866
61636
62613
51752
56875
4654
85121
14544
27791
21462
59689
37477
70925
55503
21651
95347
86287
54859
43389
83591
63287
69958
35793
27391
33549
99706
10407
95441
7460
98276
60306
85447
77240
28410
42321
81893
13530
73216
9683
51344
49256
63511
22268
4758
85161
33966
7397
40019
77354
60326
39962
56992
46635
92106
84382
80183
91811
11141
75623
15622
9416
1068
3007
59741
84900
94219
49308
10934
61914
98564
74445
84181
19673
75957
34499
27069
32328
28204
3746
72289
85196
50381
80746
85929
46915
72556
97069
38890
88177
22836
91170
5596
25843
88211
65336
27094
98781
14644
54379
60695
29559
28823
61227
65583
21132
95725
92652
53459
40281
12749
42099
41828
79481
22844
27756
26396
95399
41177
81637
83575
80364
22558
70858
49651
76148
1853
4030
53194
47763
49204
14421
13345
86687
26497
22348
40145
66777
35097
82243
8604
14577
21438
52712
57324
33188
10240
38960
16762
90603
28117
38636
13161
21836
9493
79163
14336
27697
99544
67529
75459
48748
98301
88803
35434
24798
11151
91931
7926
62599
90525
16530
77175
11963
85593
45150
95832
89810
78264
2786
34279
16899
15946
56114
42743
11461
70439
11004
54330
62249
59751
68982
67403
11537
93779
94905
18057
57503
10343
50938
51030
38657
36530
1880
159
48713
91689
94774
51498
25967
28024
67444
98433
87118
95256
85233
73908
6259
55914
36156
82362
24896
3558
93898
35026
98463
30068
53082
72317
56762
4019
23346
95419
40548
25225
11929
89260
16914
23054
57110
59232
51077
40905
74016
38194
36160
59249
28453
42418
31514
64608
24779
56409
35028
91435
99331
65095
60868
71648
21857
64887
11345
33627
21786
36570
61907
27398
69835
84960
84507
45418
36036
25411
19434
90581
61570
95034
19033
3987
26547
99992
45118
99308
860
80145
90742
191
45240
51609
88190
83448
32847
99534
17074
54633
52455
78980
98382
38641
80291
82888
84059
16326
24650
19844
23258
2571
14877
58642
6557
57775
74985
68026
57082
75844
48171
64175
92386
9762
32136
80575
93209
64982
96461
26634
35966
48915
5613
34347
3908
85903
33586
87966
18580
58235
24161
58189
60805
39037
33182
83714
13163
8166
68091
70245
361
16261
50771
92747
26022
82906
89673
19230
47888
86133
45863
83853
51400
67827
34552
55307
70081
84489
5012
59076
83784
19880
39172
12733
19945
68686
37250
88036
55282
20648
6053
46709
46670
88958
36381
82251
36845
38866
44466
37050
6617
28644
87953
78275
98725
72441
54250
20088
31516
38033
99640
67748
93556
12372
4044
62241
65974
8431
17523
19936
45431
23575
66644
8452
28884
19376
90702
65729
74593
51519
19130
81209
80163
23434
59483
95239
12226
13732
15326
43742
68116
31317
27841
78023
43689
48236
56616
26014
56667
74138
45949
2097
14064
12592
10548
42947
48319
17601
25027
22912
85472
60508
4120
65634
83941
79955
77224
96167
10038
8901
56260
94506
40218
452
88880
258
48687
45495
26271
5353
19632
88571
23801
50047
1162
50700
9346
65832
68301
88743
53772
11232
9215
35757
11524
5521
29332
24042
31910
54584
80301
26415
11153
97104
15295
11410
45791
60789
54032
67495
96773
42602
91296
63171
60115
58347
72516
25947
42999
23240
31041
13122
50823
40255
48878
62346
45775
94561
2740
77685
49145
83040
20451
60297
80144
35745
88059
42286
12886
58442
9780
26010
1044
17427
89180
77510
75774
78048
19808
18772
1287
50849
31894
68461
97123
30806
36878
91684
33545
30914
57180
32937
51364
33828
29432
3461
21886
88069
32698
96680
97848
58707
14075
15275
47886
91584
91048
42285
11392
9819
59923
62240
58064
28383
69694
55187
75541
22923
46870
25437
53836
20401
74725
21552
54228
4156
25012
92466
8576
57709
89145
6424
32767
3219
21698
97004
11154
29097
39289
38897
55267
99211
1136
13331
27594
87182
68517
3134
10104
31738
44922
80292
19647
18195
22717
40154
43206
31534
48730
17266
37030
55153
50032
56600
93202
47035
67754
38650
2675
6650
93916
1886
24138
23598
45831
27671
92114
65316
37774
40203
10237
34417
8692
29883
52611
47761
70037
12168
95646
18766
29433
32676
90270
95816
89275
83471
59203
73380
38472
61877
96382
32387
80114
20519
55985
25944
64541
64450
91259
18666
21005
17848
53083
29696
47730
22045
93808
34118
34213
89454
69235
79997
38481
59504
92165
44107
59326
51367
17487
97797
29595
30220
46536
9709
50738
18872
52004
31630
99673
43263
50295
20677
77462
3377
66725
25191
25422
60532
75661
75986
49985
44895
72334
4817
4399
64498
48924
80076
32216
82762
77873
61811
12981
80070
59631
39874
11699
59303
99488
61993
79980
76949
65370
46704
2140
7143
23587
77800
99480
89924
39046
71813
94740
43444
36311
43663
23520
68526
42776
17744
46688
55756
58503
34558
35825
34485
74432
47523
93787
90271
9516
90118
67220
91237
53173
85711
14731
93112
63510
14210
83035
2555
86022
94126
62351
38684
37789
2222
23562
96916
19965
86601
52672
21159
88496
29303
11942
36019
39441
2212
61886
45911
85783
53122
15435
71493
84204
8546
51354
98413
91580
53909
786
85706
32611
55822
39846
34832
79383
36761
71148
65983
89432
82318
3493
94280
27972
31786
46650
67412
50350
8535
29674
36132
78008
45109
23977
62211
53654
75330
76975
45234
45590
77760
47291
78200
33581
87136
29383
29315
40248
16882
11650
46032
99199
31494
40311
43522
63280
86960
27286
29981
11846
56959
82464
6205
2067
6440
84767
72073
81770
61741
33658
43711
55852
80948
21911
5785
84435
67645
35099
24682
84527
63100
70713
94594
11023
43599
74225
14334
70884
4205
42531
44194
3020
48735
46261
25812
49853
34685
23933
11593
68342
67643
83797
49289
89553
89581
33723
73550
41031
74756
58076
4131
45469
74504
98724
72843
18102
72948
87177
5337
93504
29707
49531
12875
94794
12143
38686
44646
46827
62618
72591
15168
30261
72739
80808
36165
62319
14530
9714
19701
89285
67789
23831
51105
58645
22554
23948
76746
11124
98435
21708
57182
47965
34583
68327
60107
73268
12973
23285
52238
38452
82498
74653
19259
18662
53323
28376
73023
55776
12516
96854
6881
71160
35759
47180
64258
63964
74655
62692
85671
31836
27008
20253
16515
3466
9873
45839
26750
62110
81553
44607
38757
17163
79620
92079
67302
7995
65101
39429
36863
78306
62661
24374
14065
9840
88631
78028
67674
80050
32682
94681
303
49196
98146
26527
11386
24895
88636
59138
6447
49594
23609
29213
6324
7262
53560
87776
63043
90422
66082
25703
14795
96498
51895
19778
90877
52740
87451
70926
1773
82132
71228
67320
96629
97754
78705
21524
2741
54194
44322
52334
68439
84283
81547
74762
7896
51458
62538
70938
41879
28619
12993
73025
41468
81239
92802
32344
50330
96605
3269
52103
78736
90849
35774
91716
4954
14479
29591
7695
68672
73913
76380
53463
74278
28224
82442
25735
69732
83965
35731
99076
56990
77198
80314
66143
9541
30643
62747
29162
99097
57834
20010
34871
49550
24963
65701
79140
32657
69404
9037
4186
43950
32410
42744
25401
39522
28827
9365
91605
27902
66354
85154
24567
48849
11047
71561
40208
70658
69429
60217
21880
35330
1531
87580
30821
34188
38303
59576
58841
60526
59241
7602
84641
47123
48447
94006
55079
76348
76711
56585
25559
67631
72475
37154
24190
59484
84406
81363
74615
85936
68942
5435
36475
23596
22011
12402
82436
82537
71643
6389
2157
56283
69864
50604
24942
43303
43351
81526
44217
68909
65508
33043
22414
8878
45347
74102
90240
36313
76390
75533
41748
29216
15480
63758
41618
14268
46294
13260
20656
64803
85894
90519
15406
52534
31813
75060
12236
13338
19276
81144
78846
68670
84894
93899
65256
58996
84138
1569
51737
76022
43316
80952
91502
23425
38921
86071
52180
50873
54426
49647
82630
23311
81459
57689
35546
11148
93317
16689
6345
78338
36598
91239
72237
1854
66586
72726
19774
18322
79441
15625
56601
2865
54546
78721
5287
23077
37848
56159
77502
3846
55140
17164
85304
12829
52709
12804
22497
85750
19148
834
22347
26738
73070
40552
93323
45796
76677
27996
10895
56117
59973
75334
30870
62567
80620
53946
16766
53131
47800
20612
8270
64963
22267
37450
17672
35070
59946
3421
70570
60780
42119
97307
50201
6982
12348
59347
34977
39594
31816
11301
7088
7149
42170
86006
96116
2772
57250
60267
23383
65520
25229
45649
19321
59252
97071
79267
79024
83992
56398
21143
81298
22950
20165
88279
35298
95863
39608
74891
44030
50908
98331
51178
9430
84336
55298
5545
3459
28899
82163
43193
10770
23743
88842
30091
82995
2264
9357
78370
86255
82106
99512
83904
5055
36028
88535
40352
48243
28142
31595
92272
95401
46277
59802
4830
46964
31451
50423
60349
8888
93615
32631
98808
1209
31977
17423
26917
10346
3677
9022
26210
3933
14076
78589
92467
70780
26831
36960
18726
19103
48712
81354
78904
53542
28317
10354
96619
95091
87054
21859
5058
58172
70841
20217
75732
2817
37640
2648
29514
57668
28021
72075
61600
58449
50664
54066
29228
77494
91025
64305
96596
39737
45658
91851
9630
90326
18556
22600
85417
5610
60810
90474
63781
31650
27042
55865
50818
64681
74864
80332
22349
2885
52406
300
19421
54366
6912
96915
61742
87568
9862
17830
33225
1713
43811
23550
20268
82763
42229
43572
15791
22362
75222
42833
78226
42391
23865
53089
39074
62565
72325
7832
62865
50009
27252
33582
73272
24166
11675
60839
34028
29505
10415
52092
89667
33965
88711
72429
59282
30940
16001
91425
53301
7574
50609
31526
49964
74473
966
89038
53390
89643
96869
16254
56003
24120
49835
45627
64638
6465
98665
7365
16880
67108
97032
67196
55818
85812
26477
86757
1812
34253
40057
25737
84861
87934
75701
75686
5252
81090
29075
11246
77958
61680
67248
18429
27866
12874
83066
5726
35691
98082
13091
52570
65189
26474
36117
21007
12285
62593
24115
30449
13198
64172
56185
98058
68457
48237
90095
73708
29326
35521
84953
23635
97200
25065
97778
57833
47143
33468
55915
60233
2389
37455
3058
38505
74813
15342
17450
98928
62142
30647
79451
34679
45056
64259
82915
51503
37967
28593
87023
39271
52227
575
24175
10642
41991
21953
84827
89133
55420
40741
65717
57809
94547
68774
12665
85712
84116
30114
991
62609
77112
80441
97287
38520
61051
80202
90022
99017
8794
93396
54640
77372
93970
78814
88014
52313
766
72840
41445
72538
29932
7162
46698
40830
75935
75714
26541
76402
5828
43883
39011
99291
24323
36297
37810
85374
32850
44183
742
41643
37579
71733
19015
47900
66899
23380
212
84016
12571
41657
56553
58854
65170
19602
16035
57456
95316
58928
33858
17495
2810
89220
16785
43485
25516
70947
45210
74718
31481
45951
16360
69059
34036
51726
16959
934
91457
17170
1301
4027
75178
57854
79232
56699
93807
95267
14155
89122
48012
6616
57003
53583
39753
487
95450
27051
45696
70167
58531
7999
2879
43942
58386
54604
77252
75671
46061
10773
76971
66439
85951
34824
62023
59001
44983
57289
73155
34104
27834
37518
84836
91100
13176
1675
56578
63722
56716
31460
88072
59594
75401
46457
30550
69004
22127
76610
79777
99098
59400
82079
50273
21422
41079
95255
95062
14234
29359
22895
51751
24083
42851
32309
25757
45752
88886
89478
2467
20345
93902
62061
12098
40358
92610
81101
62485
85571
77229
61582
61322
59307
28206
99096
16738
23461
94157
30971
69171
33404
99073
71952
57486
58275
83242
4026
9497
89071
6493
46193
82972
84905
74642
39682
93866
72095
2166
95788
49323
80099
57109
24982
8304
41719
48116
66713
89041
17286
116
88113
5589
73953
46388
26200
73546
66765
52048
78968
73257
14593
78292
74513
89234
17973
68378
36490
27003
32940
53978
68336
41243
26533
10054
5711
9597
15446
22996
26064
44937
16
66297
87488
73561
33062
39536
52529
22670
54128
47172
97183
59713
65144
81912
37393
1633
62429
64395
34572
16406
49082
92166
59290
59135
14228
68887
90932
53576
94950
10841
98512
11318
93490
85999
84878
26551
41886
53758
65572
12365
929
79106
88430
82424
77370
25822
408
39798
6568
34979
72555
55649
43497
31844
31135
74076
730
22066
27651
12032
32906
26162
23349
26395
28513
24578
69297
86750
51221
15467
95616
30326
3896
94392
29717
94799
63844
36284
46130
52750
8284
5978
84594
39418
80053
77835
7704
13706
27092
33865
53487
77984
39135
81831
72671
6707
97297
84638
37033
1192
79029
61079
30908
90180
41275
83543
36309
91826
94969
47595
22338
96644
30041
26701
52520
80258
96459
22358
75338
90794
77845
57168
79816
84551
54464
72007
59834
15366
19266
50013
56640
2808
86321
67015
10985
44958
61984
74931
67295
74979
16711
97336
18031
85583
93945
30841
7940
69282
21634
2136
26450
1449
97265
65902
24621
69272
42087
39986
88537
8451
12977
7697
11123
79992
35033
56080
58327
9964
23374
49657
43026
37061
84039
28608
31005
14880
52900
287
36513
55035
43088
37962
41721
20215
25975
78653
39031
30864
87103
52008
98225
48351
89944
54304
23029
16259
72685
59285
31090
56723
87892
62094
71602
40791
62380
24467
12178
21819
62428
70250
62171
98994
52943
88145
77646
91974
19008
81100
60333
73919
25035
63863
49979
48063
27655
20747
39405
58744
93821
43649
37190
65423
791
15921
6241
12968
37740
68668
83218
99910
84013
4406
61658
44485
39766
42757
21169
13684
38432
46203
88410
94265
90371
