55884
2078
65677
13070
17271
45630
80151
14945
51102
33363
90893
35551
96276
23712
89946
38953
77646
69307
41309
66699
71976
38744
33155
15469
5400
13573
80811
10929
46802
3222
9654
19038
21651
75330
48459
38921
37311
28610
70217
88413
78324
61110
23963
74599
84821
30261
13552
78819
99567
54860
61869
87894
9956
95023
3362
15355
8596
525
42635
71749
20098
52288
90786
41749
43969
39245
80669
97632
67854
67238
86044
46177
28347
26358
37127
29519
56618
67030
8337
72536
38242
70206
76782
48197
81580
80143
79903
90175
80667
22538
61924
765
91177
69061
42513
51498
8305
39533
49129
92510
23122
51524
38686
67820
77881
92165
97339
50851
59194
22027
39738
13787
92232
16519
61983
73812
13014
41886
80338
10032
80775
58613
27148
88303
27674
86012
39800
52330
41897
5280
44840
65018
56803
99877
32838
51036
92041
30176
1886
67587
68554
57975
97725
60786
90846
59708
50949
3859
17945
47638
30242
15071
22603
57390
3373
66628
43401
59525
18957
85297
81156
80148
66667
37959
80025
99504
88994
88417
46031
7231
72355
14584
81557
70080
91721
72402
46139
59021
92612
64083
23011
22854
95505
45613
80243
15229
28592
39995
74753
63900
41644
55909
44048
8310
10219
40424
24165
15564
45192
70195
22794
17547
1130
4350
3978
9203
76752
50116
68223
85715
30550
7585
8568
26054
53197
5162
41282
98140
45157
16035
62040
86800
88295
22439
11461
14865
79214
35625
30428
24405
22171
53221
41951
39652
73922
45928
48854
67025
12395
33429
52740
42944
41013
61307
68997
10562
66469
10279
8701
27977
42665
87092
31128
47311
9530
42588
62175
88743
94564
92602
29500
33086
62174
71450
89089
52447
33730
37943
19472
62476
87723
88563
5420
28735
49869
74416
55648
32689
1046
64349
77017
60062
67792
8144
23724
93674
67083
85898
82416
77998
94851
11915
27435
73376
99717
16524
25823
49798
70818
61646
12273
58540
50208
34044
3626
16428
8460
59274
65469
25857
39974
42485
2271
24117
66981
25994
17790
34063
28244
16558
28413
23094
44824
55847
12822
60892
72370
38644
10689
43187
16641
39314
18078
66848
73357
38056
99627
98168
13681
65095
40377
70006
7580
42647
94122
74560
68640
11912
24974
13235
44821
53386
52681
89644
9233
65502
50536
97954
20497
77576
57493
37137
16889
75570
3984
90246
29977
19962
4765
43657
85057
45141
13662
8988
87787
7784
99899
72779
36047
24872
86013
80867
94610
38693
70510
3842
20546
37397
18147
41042
14973
75639
78178
31861
67561
98513
38458
97537
18475
43223
41194
3531
4715
71207
28870
8854
78990
28768
97984
31388
69991
348
12254
64600
39041
99116
84793
75938
36512
2940
16980
51484
78578
95157
99697
62490
10022
38154
60027
28496
97728
17572
48378
18795
88778
93599
27648
84120
22366
25631
15507
92356
25978
27761
73308
81370
43228
58100
57308
79739
61039
74287
47575
55969
85795
47271
18458
12168
1776
94836
57015
15856
12407
5392
34650
1185
15342
62297
85304
37707
4279
17162
46415
46608
61274
19722
27978
4501
94173
1637
592
71564
92275
48166
43884
78069
11788
78693
6589
13563
73529
63603
29418
2287
85347
64067
19823
688
42715
5126
38395
46993
38640
1161
93601
99913
37234
37930
4414
31406
39566
5005
19321
31840
69522
63204
26260
81309
32848
11223
31777
96451
40641
81797
21059
53886
98836
63774
75363
53582
27118
14002
54742
37070
13915
8327
74999
34680
56085
30916
56036
75405
79107
25557
54961
21719
23217
13209
54566
34439
44985
67368
75079
95399
65516
12490
49284
64352
92615
40999
17933
19732
55000
72675
73154
85266
97353
64504
36297
53437
11772
92332
28842
90878
17888
83802
12596
41104
13362
83514
91895
58346
50881
66973
53744
16397
95814
19380
97100
88428
60378
15032
24512
31729
4058
14017
33347
1411
78520
69643
54847
90291
61975
40
97521
96214
193
26468
53670
13554
9981
45564
71899
60862
28888
41995
93610
24702
61374
90709
29481
38103
5740
70344
69831
9798
84360
3177
27560
79232
89172
82406
85874
67498
82446
83394
63711
82638
9862
17380
12544
19842
79295
84442
97055
8183
26436
7016
49236
4161
97724
78716
42263
19816
49060
12094
45965
49771
31622
73524
29002
37145
72281
14876
4642
71078
98269
84705
53716
24482
18436
66259
60676
97731
67052
57730
5913
9840
64746
55148
14000
78821
50215
72615
14988
99274
1060
60952
65397
32681
50827
94398
86178
39460
9273
90819
10537
23894
91875
80604
48375
10311
63214
9050
8041
30266
83132
30305
56457
64229
1804
86808
59401
52018
59422
74389
67644
60481
51692
33040
9514
18871
27437
95691
58330
53062
2861
68866
76955
94736
49470
41681
5046
12683
29438
59300
66566
76094
32108
30794
77897
18916
6546
29914
78337
80934
97557
38818
48978
46948
64683
67848
74385
60373
26177
43798
79585
11394
20752
90672
60863
78784
12069
89898
45866
41506
65549
12431
17599
97657
59576
95495
16572
66122
41761
11260
63407
55669
66429
12384
2617
31111
80231
93353
7835
22759
37150
87420
34153
74253
78091
11367
53036
90160
17616
15254
48017
83165
44036
81968
97173
3612
93814
13744
86085
35574
41355
49491
91243
78227
10211
38894
58457
3563
63081
97568
57064
50500
48072
31316
44942
59438
703
51453
93406
15956
15822
76570
59992
97789
90094
79955
91602
20189
66039
43528
61543
31881
34770
69326
10107
61332
8220
84916
81246
71300
98835
38309
38151
46906
85976
99444
6343
86678
67249
99748
2634
83070
92669
78977
80858
82762
75283
88811
2950
41321
32338
80845
89553
83459
50170
16012
44790
74741
17279
26035
62392
16113
80695
16894
63018
66670
16338
85712
53348
83586
1812
72333
83007
94480
51309
80216
93594
26591
69026
12895
84263
17716
93739
90167
1174
60261
6178
62316
35001
39808
4702
97393
55920
85397
14286
18937
52066
46975
4649
21765
46912
6460
94097
29918
17291
61757
10133
27236
4699
95511
56483
5313
13226
66573
95480
30751
26833
18009
93066
61834
57817
14120
75578
13736
99516
6215
49025
67933
53190
70025
6050
16453
92836
146
46371
10126
78255
56503
53714
82953
68365
10196
88266
81590
76768
97
12341
3601
18105
21758
81786
92273
35877
73715
22361
51744
79929
71385
19677
41409
25726
65923
34244
42223
12293
60721
36829
85147
14434
19782
53512
40981
24399
17749
24495
63793
37701
58951
85551
35838
67576
37779
9552
89936
89523
89480
61320
25551
55302
19080
67628
21224
69675
26202
49868
46747
63031
35014
61181
99164
4877
18513
23562
56330
36261
64408
36474
90313
39710
38376
26150
7285
76155
52053
97220
82029
57885
74891
7579
13186
10322
75206
34409
79996
1407
84276
26743
64437
35641
4275
63600
56870
22787
3513
29551
75400
84272
66024
82064
23982
24566
47618
96906
76618
61190
78934
34502
52432
2864
47687
62754
98447
59101
95827
82722
85843
76616
34715
6469
56567
91584
45608
76432
21134
21007
60703
3509
19422
1036
24260
43987
48654
37517
20605
26195
16450
55106
78626
35665
2793
41379
30085
1239
480
25912
313
2674
18879
51379
25495
75445
42962
71102
68228
80447
28931
83955
27881
29966
8215
71868
94971
45731
8824
21165
78533
63929
99791
30549
83073
57521
60634
664
74352
2897
17328
93378
21775
68706
35224
13571
28019
6325
81799
8465
31136
10729
8771
75368
57046
33337
63587
68369
95420
72410
89533
73952
36339
5675
4500
35763
79548
81485
52778
53899
84381
70105
63628
22507
38810
98851
36078
83180
21527
34228
91644
52662
61308
415
44382
18353
50103
7968
86721
45522
80378
92606
19473
33068
14632
40325
68830
94179
38161
37960
64430
22542
8064
44409
45048
63226
43260
97477
46405
64786
31704
54401
33800
93011
54815
78181
11364
21269
2500
14436
66791
82877
23393
2615
15944
38025
42939
1126
48555
97452
39085
29336
19993
63500
73745
81392
26725
33356
78869
89482
98141
10572
43882
48292
3583
15048
42824
31298
36316
45324
62085
3106
44552
85478
5721
76848
39854
65011
77973
88408
62462
33409
34096
98806
13260
7840
80198
39985
41195
59066
45818
55687
85989
89699
20331
89571
4746
63154
37220
41061
24829
99305
60519
69381
84782
66239
46228
40987
47601
40552
29394
26415
90312
63489
25220
3571
87680
5417
59907
28874
80834
5724
913
66823
95422
21243
72745
748
9965
73932
25577
9269
34450
94957
10402
17040
57536
51388
64640
14439
97133
91054
4750
60622
32626
8320
64653
38042
84579
93527
35228
90302
94439
2050
2076
32033
74794
18594
32780
84758
8877
58356
10378
43326
69664
20779
76717
43551
72166
41357
57989
85651
48762
62738
46272
81387
87410
27276
35781
71988
37154
71008
78641
47944
89409
80716
79976
64202
15662
12756
65312
24538
87463
75689
84216
57127
12820
60932
677
1337
18640
75018
86987
83754
37755
49610
81492
41516
76886
17272
13503
14039
4631
8496
94039
5563
58310
74593
37576
71065
39904
62114
58528
31944
62681
32006
61115
39964
49034
62452
74956
24051
65790
58709
78158
15400
40200
19673
8637
73824
49528
39027
78454
58023
17361
88845
79937
75671
63437
17513
63087
3340
95978
21614
51635
58658
53619
12750
19005
91553
89928
43055
73694
48636
21212
5445
5188
57237
30433
79011
6764
69460
73816
81138
3172
62660
61074
78842
26096
78586
41929
45787
74563
79894
13774
49572
49865
42875
64545
68869
50779
54472
28275
24472
19460
49487
29917
24647
6723
60349
20009
29838
46160
10176
27327
49332
72836
88400
44525
15283
83338
86453
77422
57900
82699
91195
23824
32563
50421
88368
17783
1199
59191
46057
25670
78650
11895
71938
19648
34969
48639
56008
64806
11150
66184
92132
55371
96884
5006
87005
80221
7810
64426
90508
71972
78295
39422
22392
83014
73556
39942
42205
19613
81964
37206
47859
53901
73206
82828
18891
29213
47633
30041
11748
56117
90521
83470
69352
11878
70475
36040
51252
4043
26547
39576
98690
82321
78319
81703
72228
18261
40259
91840
224
77465
39699
70476
50670
38878
89367
96234
2862
19407
24334
58978
26279
7803
28329
54509
94629
94252
90548
62233
14647
33446
18160
13336
15766
96478
11390
87994
14738
51649
96185
14961
29113
52235
85437
96134
91112
91155
8719
10326
10561
33052
69303
53191
57207
13984
7699
68187
24587
14598
46771
39233
48044
64930
68920
80161
61408
80310
84506
92497
48310
80691
7458
93774
49277
9246
89907
56741
400
14977
67066
27312
48029
52720
80502
21587
83055
4553
6125
7642
19150
52896
83545
34177
32146
63706
11936
28807
48211
4433
77116
45253
28242
70889
94530
37487
77147
67622
54238
92123
34687
81549
3758
78402
78089
86813
99306
566
10806
34808
69813
74031
18352
3989
22528
82057
15925
51334
30268
36709
44801
75520
64950
15689
86401
18788
9187
54022
73025
1310
5060
70925
57812
8818
49326
52253
11982
64984
52818
22630
13169
18142
42970
52049
16551
75246
3382
46818
11954
64535
38689
93255
96575
41442
12042
5762
95463
1418
7071
523
72342
81234
25692
38020
33486
37673
3003
2655
76811
19145
41636
89979
53638
84606
42027
70188
59851
61761
33357
88157
88398
81411
39221
29839
9805
44982
25301
11222
68404
42175
99916
65990
67866
54287
15827
21890
73641
18482
98700
92785
76469
5031
46422
47057
16610
37277
25169
66318
25433
67815
54715
23195
7036
84553
32999
26206
60573
53125
84732
76840
35466
52598
31126
51292
90839
4766
86125
89539
13902
62594
94569
60323
40019
57977
93284
77295
99498
75954
19079
67312
30668
42274
90699
31573
91624
75420
57778
52196
44896
42509
29035
80361
11458
76512
48004
2297
97629
50481
8187
11530
13074
19107
88205
53092
93435
97840
46739
92932
73793
65817
76596
4461
8090
83646
52385
16066
59065
10162
68261
20312
52670
13648
672
80480
6511
65028
99128
4140
15508
7314
32021
44933
42772
20225
98024
36206
18065
61114
45490
8209
26931
22085
29021
51372
5730
81405
67437
81147
91566
52050
1458
60588
82049
57419
88559
83509
56546
15368
63859
41071
60300
6630
61295
74675
59187
95711
35789
4676
20272
79071
26760
49292
46794
48842
47049
14231
29988
54966
82632
47797
31905
64680
66278
89323
69590
66138
45868
78640
81505
26078
36062
41804
49059
13708
16479
8246
9419
68619
29273
46042
47689
56033
11685
94482
21226
58733
25064
67565
13699
7695
15361
45603
88726
97991
51278
74668
97145
69659
61985
39575
5720
20140
88633
19427
52970
13230
45197
21588
42503
91238
85628
14887
2923
80110
36112
78007
5173
3676
8057
29220
35388
70012
34297
49730
21289
25316
30210
34785
94974
8546
74359
693
28685
79344
20120
98007
92573
81668
35946
35075
72906
21574
49961
92180
1683
2424
86538
23207
22451
94595
68778
57839
64606
23920
2246
44742
54129
53382
39716
62674
27741
56760
7711
23436
93231
22069
16008
74899
58014
67435
64156
79587
33747
72687
97621
52523
59224
37180
74973
53818
5957
49163
34775
25383
73083
53372
70125
43563
6754
26192
6237
50846
82951
30299
74281
76182
52367
6640
67432
10380
74074
31587
6319
24173
4273
3939
76695
79848
41118
68019
50018
63427
17182
1144
88809
6616
54516
75285
50178
61269
17828
72766
28466
17131
3064
2746
9664
71782
25737
77095
98514
16163
25033
4832
40335
45657
25122
33381
25504
66240
1399
75521
46018
18580
93017
51178
41547
47532
42815
91725
25152
60642
64490
53617
94124
83906
72714
3787
98450
97233
54200
30964
22265
59031
71298
84273
84153
4678
26129
66744
22429
18001
12761
41008
11017
63938
82555
58548
6752
90631
51
83746
55120
70019
77869
39025
42732
81656
94712
57534
95240
65263
88497
17505
24294
76147
18129
24798
97176
44257
7893
19604
62258
20653
76964
73274
942
75870
48174
24046
66500
48224
7791
37971
18243
2011
93348
77326
18
4411
34859
95258
69673
39708
29114
10318
32206
47242
35115
29381
91499
43007
65337
53756
80011
42300
43381
80953
18169
91554
21350
1020
39778
29140
38990
58020
47502
32337
51697
47520
53099
2908
42777
22772
42615
88242
33089
91172
35483
84556
36904
43333
27562
2240
13440
23925
60891
56821
79059
48374
42578
96430
4503
88069
35420
78874
35570
84108
30571
99441
37207
33478
42217
76330
92444
46810
9418
83615
82293
93973
36870
25625
37887
39110
39065
61811
100000
95885
83039
95411
60610
25616
81465
13684
43611
60338
65605
44071
90908
65046
81277
24385
23614
57606
33180
70424
83375
16794
52716
93700
53664
94692
47938
9125
33756
9748
25476
45992
9138
20886
22954
51105
29078
4418
81140
89040
64755
46744
33110
72015
11789
30738
12751
51755
4695
45931
22178
88070
62724
91245
98121
32739
85936
46058
58215
36044
72157
83691
98387
81294
20928
21340
32398
66357
42109
29889
55397
23216
76632
4858
95230
4773
35596
7980
56527
40290
53910
95056
44711
32986
86300
42831
82076
88587
88888
56643
40982
61044
40333
39369
58689
77612
77060
7438
60321
35521
37326
15717
58736
13958
20574
70317
35082
72521
78296
7960
12811
48558
19367
97895
5666
352
96322
10604
5591
52964
51586
66635
9648
7306
41675
84365
49113
63932
19885
86438
96000
94972
16747
16573
65288
68180
89094
43584
76139
18256
8493
75776
22739
17522
92479
19060
44478
98070
72024
96063
81056
98023
3368
22730
1634
4084
71842
65565
40321
74632
61564
35292
91378
94489
580
59558
99934
60515
52048
18189
85359
63905
10316
8097
81426
19147
27156
42255
17216
15531
38317
14623
58036
37352
15187
78472
25546
97104
18792
177
58667
70435
7906
69507
71014
67463
69440
47880
35863
3980
33238
99767
30648
41334
97544
49794
68490
39799
67009
84020
94467
97983
13925
68855
35334
29112
47326
77231
26215
82469
93759
1233
52903
1665
70740
40269
85479
56531
88148
21341
76863
21386
37459
7510
35003
57303
47560
74801
40663
47932
69267
38645
61856
38121
90330
7319
1798
83913
49885
84266
77671
51118
53521
95687
38209
93789
97518
11091
98288
35210
87953
36025
72669
11814
15096
7671
69116
62655
98823
26130
26938
68089
64774
5146
22562
71456
12464
24359
55368
78701
24977
49390
29818
78497
45077
84378
88637
58946
95468
86924
94155
99773
22949
11586
38044
90845
97054
17050
6019
23183
60340
74108
4309
65485
13021
92116
94300
53731
63835
73000
78707
13224
19169
73555
74652
3546
78543
33597
15366
65467
27752
31490
4767
10926
43075
59162
18123
56480
76211
24141
96015
52902
14600
16675
18386
27620
8790
29038
97703
72624
2037
92761
85847
37558
66316
76851
41103
44858
10447
72820
26676
54550
47794
81828
63736
6955
99950
36567
99518
40442
32581
52419
55042
49255
87157
99013
58044
16194
96715
47019
34582
89476
32866
72139
72143
9716
29594
33352
36514
18765
76380
91064
39426
72891
3161
89192
56079
46997
29633
88660
15767
84674
54266
39
28662
35468
96753
75680
86402
2580
24897
74892
91074
50964
4485
40778
87478
23250
17157
94893
62675
41329
84135
82187
88808
73326
54617
52156
2958
43276
67923
13894
87197
20374
42555
22665
17126
34586
9066
36058
75835
309
43483
26798
4794
84260
30627
44395
1416
41871
23421
59097
26005
21959
64256
99330
76575
32764
36203
686
38975
66448
87882
59348
25354
26898
92825
59939
52315
45234
35773
52624
88717
78923
57417
72976
25901
18163
90744
67772
57935
66192
93776
79893
46799
9458
72819
79562
44449
9021
96599
83423
75468
84481
59122
821
11378
51946
77112
63693
97180
29236
32668
2248
24510
6436
91575
50411
24598
98670
18182
82532
81213
11957
78776
28012
37766
51594
82214
76967
20524
65636
52434
21356
24757
69607
49085
93055
46718
29129
6586
92305
61796
8833
16815
68231
407
67225
92828
15429
85406
91711
96641
13714
86838
24652
67832
38432
64929
50045
15398
85452
84183
23159
56789
70141
72243
66195
33210
1372
72780
25515
63167
97964
42329
31398
14723
25905
40577
30151
27662
48640
26791
57727
35477
67795
25558
90260
32723
75603
5657
34526
7635
6192
57684
76332
29926
63322
9542
47649
36101
51408
10816
34065
10088
58565
48787
35992
15493
78937
80005
64132
22079
37731
15961
89873
63289
6220
38947
55243
28229
73472
79229
34420
31155
76355
27103
77433
39676
52996
25081
75777
4403
52248
26193
30842
27164
91331
83185
42657
86619
63189
23140
8697
920
55452
14922
80560
61672
53868
52154
6252
43692
31382
57023
91198
24088
84125
84982
63764
53473
10063
55892
74227
78662
98436
5069
5826
89766
88253
64834
76384
67794
4325
1432
68713
59777
32705
65624
37800
86573
17777
44051
46616
65510
1073
37813
89597
1549
22795
69712
71373
49209
25603
45600
27870
24038
67020
50047
30155
71624
14880
6538
39417
19205
24322
24481
95333
57026
90104
33132
59950
24232
77182
6565
6093
94606
44378
12506
83524
81753
231
32732
7356
45830
76953
47745
29201
27000
77900
824
41879
789
56593
77435
25110
81073
72767
82136
87529
5898
42085
28112
99431
65002
50557
10388
9379
62598
39246
92902
44350
39476
41985
68057
85305
32154
30857
45936
10053
48032
4167
27193
4624
97953
52303
2049
70720
50790
5929
92969
9226
34040
8752
948
19139
99957
63545
58384
9210
7895
97859
51194
92303
99515
70131
24456
46723
32418
50860
94755
36584
78053
15730
50889
46707
17778
21608
97496
40058
30928
23073
90450
39679
97300
91397
75170
97256
54942
33553
6466
79188
47764
74011
87842
63630
44141
12298
10353
92911
79509
5107
29494
57561
20836
80382
20619
18341
18114
65621
41187
1824
5299
54838
93221
80468
68445
48162
30373
91262
43701
78136
65273
31542
41765
25765
43839
68469
18675
39700
73575
48169
13612
10763
44902
34231
82080
79595
52344
93454
45215
9882
95278
66865
81071
88498
47333
49516
36659
94057
40777
96711
72192
6049
28252
30308
31814
88443
15129
66840
28142
88703
15008
41753
15817
76262
75983
97896
72208
44679
91350
33774
54560
86627
638
35631
91476
64322
1498
44486
58378
58626
41196
46921
64675
69447
93581
12840
57889
8709
79679
86030
13763
11039
44135
29580
3652
20117
43827
92211
64795
51528
25984
35707
54506
26621
87689
45981
7295
5538
90466
65672
64163
31661
12593
45189
17460
6173
74380
75348
14881
70411
77730
44995
81449
21864
74574
1452
58332
18401
10014
39479
86280
35997
91537
40786
78969
95577
86766
86263
1114
77232
68287
65276
25244
80879
26817
42703
3403
1196
34403
34635
71606
28484
79629
69406
50347
54203
87209
25030
88955
97222
80860
75234
49570
72396
16019
28539
67972
19137
31153
12720
99439
67065
37963
96669
93881
97018
71
95076
47772
34705
66682
76255
30686
36087
42953
1240
23296
67982
90194
36869
65194
81779
86439
37589
14150
31329
21913
49638
62481
7349
62357
78272
74413
16671
74940
68293
30040
91363
79721
77811
42419
46402
54065
73104
98840
97017
74343
38487
81351
80888
91708
46544
79019
78146
484
93168
9474
22396
42805
88306
46097
21513
66577
36861
38183
57869
21506
65583
1226
46033
8001
63979
81105
79170
71799
34009
27520
52687
25716
90415
31705
20213
90899
41224
29686
29646
380
34343
92094
21892
45307
76426
75140
66812
44648
57074
84389
7033
65074
64719
39834
62530
60240
69651
34329
10600
13523
3367
36315
3937
35071
94835
92646
2564
40833
93025
53259
49278
14916
70530
94584
7693
62021
61395
52341
19094
62135
75725
84167
26853
15558
63049
3445
1560
13729
14044
15082
17095
66711
35371
68517
23237
46557
61162
42153
87389
54186
36667
85453
65940
31250
9497
44312
8997
61837
63405
71131
53913
63923
14336
85822
26971
34132
3734
40699
48175
35167
74145
14885
70537
42661
54474
17094
3822
12978
4482
8388
57500
76163
90679
5102
85660
34990
14098
63848
14746
1580
34113
78668
32267
19934
21991
66398
23667
62689
14573
58834
36834
45809
45722
95846
282
62815
99668
13259
83649
90378
37998
41148
82893
45028
46249
84904
96369
76698
48751
11114
94630
82863
6134
26896
19149
28124
9646
59167
7164
40570
34352
86378
80074
56195
3012
42888
72214
16270
26536
62591
70620
84036
45483
31999
30284
46738
28368
23334
95489
55833
17963
94703
78318
61210
30203
6441
70855
89370
29957
11424
40073
90305
97802
20146
46499
17165
79386
18712
33434
5921
97655
20405
6308
59489
68756
52944
6227
13475
76277
18067
10591
12769
63977
71800
59324
86769
42655
65045
16725
70430
5117
23382
25263
69880
85395
4648
4944
35181
26920
2598
71937
33228
78438
40692
86171
84664
54166
78799
2730
39825
89389
31851
3801
61188
7526
6921
20194
72570
23646
90624
77686
47027
2948
33258
23947
54553
28485
67219
73502
421
446
51940
57465
2968
52955
27982
98118
72037
67806
87506
20239
87958
27764
94879
85239
333
34876
75862
78018
98254
51067
97318
47863
37616
2416
4834
75917
73276
21631
44208
47092
40950
97163
75073
39067
69199
59231
26572
89437
63540
91617
17200
74770
76855
33884
9645
69068
28253
24250
20134
25570
72113
64505
79538
90880
37359
84371
83148
26986
22354
27356
74077
63303
40870
49150
2370
26420
24732
45293
88271
53261
49407
63041
46467
99642
89037
15534
27894
13287
52020
69816
1751
32876
49353
92630
70234
50075
13572
72428
19484
87648
52083
60353
53149
70804
86772
94232
16096
18979
82503
85709
84737
45543
32175
50931
47709
12272
64217
16080
98439
65967
48955
47791
74948
35540
14217
67077
65463
86645
86560
69463
55079
63265
22611
25882
66388
33195
58329
1719
15697
44037
2807
77591
92564
87185
28521
40272
15808
9090
72703
14246
75056
38009
78388
66356
73548
92604
33432
39011
95600
36343
8473
15959
47435
98699
96981
67592
417
12677
11628
3223
6619
4191
6759
35140
60814
38918
60581
69515
35636
87876
47902
18343
77776
56858
51774
33138
68809
4469
57962
35839
20427
21748
45101
19125
18729
12692
35893
31405
40672
55468
54376
61214
5867
38380
17496
66447
88247
87010
18434
76123
51264
36777
70250
24473
88550
3387
9633
9370
61348
61823
29797
83095
23276
1823
35967
17518
49580
92990
89337
20307
54204
67914
26173
8935
1761
92619
97181
5123
11052
89655
56386
47828
59904
97210
52730
63290
23194
62099
40989
85017
8247
40436
8292
89872
58610
7389
24541
69952
96725
44847
24155
80990
71019
49441
82751
79989
46621
87873
7393
36276
71572
12531
74171
40653
92173
97364
2752
33161
98732
27350
73596
23375
17221
83985
24609
56746
70288
37685
94442
88963
6854
22001
92696
59481
82610
64267
72012
73132
4920
64184
70495
24023
13696
85579
87292
8953
84945
35849
9289
8946
79576
79942
26890
90369
14968
32205
50602
32744
17508
57456
54744
26555
33288
53705
90821
26836
12092
85834
13682
52466
99530
15612
20190
3173
24565
5134
55373
50205
31038
80670
29781
10979
7560
20149
42298
56116
87103
75041
89975
60910
46136
16529
94197
16192
23701
15848
59379
35793
1681
89413
88258
17562
5024
8447
37086
29588
29932
8810
96145
77322
25925
4652
13391
62425
46950
69506
49527
21990
59480
10436
84478
92360
20985
669
16060
36832
60048
68204
54864
49460
56462
70835
81260
42215
16775
11192
51025
12919
88513
40504
38843
93164
70246
17619
40113
39751
67146
78455
15582
93933
62932
24293
31269
79952
40352
68100
56351
8556
39316
22162
81369
44445
92997
62628
86659
9771
90171
37683
22689
95035
94538
77883
88199
81135
95501
44663
37237
78998
39469
89283
2400
77110
20551
98704
33814
5003
55054
42369
44318
77216
23737
5114
70212
2716
91772
79982
92887
45807
19022
87921
40344
96904
92471
37831
8756
53486
75067
87754
92954
27885
77036
11706
21346
13938
10409
71511
18940
65462
13879
79609
59029
53967
84722
29240
56683
92846
25573
65921
38652
60946
53841
95347
57849
62664
33177
82957
16149
8244
70710
9102
52480
64097
37159
90177
94386
47567
61688
13326
91918
9286
88409
45885
10360
17649
2567
3205
59573
84839
58208
20519
55031
53554
94719
17694
3083
77675
50194
11326
64736
75648
80157
28832
12806
70333
23218
48372
52895
6105
78532
94513
86174
88891
28513
5092
88086
89930
66654
8604
44960
36560
19674
79006
39642
97349
29199
67319
62084
21198
63827
7268
34004
34159
46837
10728
98883
99731
16832
39172
94614
11344
41697
83505
56209
46788
8303
44294
53069
74957
69249
14380
27868
88922
93385
67509
2622
38936
51179
64706
60133
15005
71973
94136
65515
35161
21215
64397
34891
38046
19920
29504
65742
61616
29360
21950
8403
37663
66243
77823
28971
51843
92203
73190
57116
85587
57050
59738
40874
8228
24443
1007
39584
12767
11494
5098
47927
32709
99169
87106
22118
45024
52847
83734
90736
74796
8488
44750
86311
73720
25584
78513
63261
82700
80451
20310
42437
21325
28537
83231
38683
84472
95997
66528
60275
99236
91767
75795
86342
13885
20818
55540
13970
27905
46688
38809
72654
4077
25119
62725
46013
19983
25985
28712
16786
46294
87500
54462
91182
70730
93144
75653
83078
59671
81574
43352
75259
73340
35498
77952
3576
56315
33491
33897
572
80178
72706
73225
607
14176
35950
46619
61934
91682
50944
24580
79181
5405
15761
49910
14900
91414
49339
74570
72987
92690
66180
62678
44539
44131
82606
17205
77622
32854
17776
74151
5559
91001
74757
19735
43302
37727
70245
5235
29408
37540
46166
8588
59296
61927
74849
74195
53340
24187
65116
42678
31296
21707
77766
91778
4312
69399
53518
29098
43550
59076
34658
95162
63399
72385
81758
84986
18144
19297
31151
26732
78592
9429
17932
69138
79120
42119
50606
21797
91698
98253
43504
85816
90030
64167
80786
59429
17684
26235
19330
93112
46333
70339
4625
26083
42723
86383
27420
77219
5679
58571
3950
623
84351
38233
86112
63471
96703
36717
85267
88401
45122
74216
24999
25641
71353
779
43324
13939
36460
52787
60271
6798
57412
2706
65873
43794
30125
43091
65824
5047
63392
82798
89398
1624
85262
52868
14679
21978
54486
3079
73299
15960
93646
14649
41600
81350
15427
1275
95288
68238
54062
71911
75035
27825
74616
57259
71618
21092
349
53793
26139
63740
52943
31888
81716
38204
1107
96394
76533
55592
15824
66183
71551
25821
80831
13150
7170
12609
30777
18809
80846
84838
90719
72233
12662
81686
29491
631
19130
29840
70775
45268
9931
40069
93507
91646
94613
4391
71157
66556
20214
37339
38107
46034
18170
67608
69555
30778
98384
88364
27976
99573
95434
208
28586
93472
46050
45568
12601
75889
32695
74220
2172
72763
84078
93817
51035
78690
98208
38543
45245
34773
75881
99703
97159
94050
83663
66713
41180
98398
71428
69155
14323
83214
85714
42908
76685
31763
4828
5637
24004
37522
79856
26175
26636
63933
94022
58974
50902
32564
4218
85675
8445
20273
82833
2494
3935
65897
60025
2332
37325
45531
16654
20538
31244
75914
13574
79359
97093
19210
34614
99065
45888
61249
79349
82230
71623
38322
4186
58891
35158
12630
95515
34342
31476
99449
238
91500
18133
53914
37031
51138
74451
84626
43403
4376
63984
40495
23585
83697
91460
39001
29584
34701
40683
73022
61297
44868
48265
96454
57498
43779
30795
88973
59580
31032
96824
94064
1298
33854
45201
92100
18480
88604
96476
98815
20060
82512
20558
75413
12095
89618
10113
40260
30300
99487
1556
91519
47751
98009
49016
7881
45155
54340
67460
92539
51164
61523
93836
1369
23076
85935
36200
11679
98762
35015
57128
35174
33878
94037
10586
62324
6
20698
2584
46657
36536
4139
38176
18500
3543
8519
80006
57883
92330
72544
25398
70205
82731
43118
9632
85018
79318
37662
83779
30684
94789
18952
64561
5178
45889
26884
5183
82939
45819
51840
19474
66310
6367
20112
9909
81166
84143
70062
9540
23867
52792
52658
33498
37809
31975
71159
37940
79010
65948
73243
43570
87477
19132
86805
92659
2070
32624
60850
21543
98933
67216
41654
93
93477
2987
97610
77619
40298
67671
87159
64164
20463
56168
14014
74623
4494
85172
28914
83503
67471
2157
43424
54947
21288
30228
63958
23357
79203
24807
61251
78135
8375
19257
94579
18203
22243
92189
95821
62540
59859
82979
43056
96673
55498
57069
59991
58592
16561
43493
26063
18717
86916
97361
56356
33496
61318
79712
12698
2477
57315
7185
27203
76571
1763
45405
98813
10303
41225
77705
86514
40556
37112
99538
96053
94180
56044
69123
15888
95185
55166
2804
92546
27874
36299
70215
48996
72691
81251
56180
99893
57821
74295
45297
56634
949
2874
50690
87462
43429
87801
87000
98332
90536
11876
67454
26985
44116
78991
98503
46919
71536
26376
99569
58102
50312
64916
30793
31563
21096
47037
89383
11742
8686
62368
12690
11559
13057
16504
71339
17209
19855
43523
15540
26742
71751
82994
53727
15866
61984
52229
62784
49871
94956
62352
24324
45267
27267
55116
76829
64714
18505
82564
92807
27190
61283
21849
55100
74340
38352
42790
7900
74558
86312
23440
1299
58062
22785
55025
73927
1120
23605
67342
34912
31765
91665
80179
59032
46781
73359
40097
65285
72274
49256
8826
33557
71104
63925
24248
25807
6714
32147
364
9377
55586
1662
67439
78370
73039
41365
95841
12995
10779
63182
47907
42543
44437
17926
17979
17795
83263
90069
23630
8440
39977
94733
88716
64224
36891
95429
96370
37254
4805
68308
55267
88595
63029
44657
46312
58870
57652
57090
22051
21910
99632
76897
66346
17558
94875
492
91932
90560
15561
19280
46888
26645
7995
11111
79887
3423
23833
33492
8492
88758
13174
71520
49767
75837
46741
23770
32926
85144
45679
48910
28376
66467
73267
28867
74750
84107
35779
6662
82666
49658
11381
10129
29544
31156
33961
63035
72087
58804
68144
1612
46675
17910
77449
93416
58031
10374
78559
3709
59283
56950
48436
42101
46568
93655
33202
30675
29433
39863
50413
28450
89520
78145
38578
35415
9300
88890
98449
97738
47693
66593
99350
94368
854
93150
4135
58885
3523
82693
78945
79158
55994
43733
37610
2562
37387
70812
49588
66819
27026
11620
16546
78144
66550
51960
3796
71791
66761
1533
35836
49705
882
46555
66910
94031
50689
25794
13906
