75796
73625
90286
83720
63934
76831
59607
85176
79237
56694
58206
44115
14281
78662
73531
59738
31155
18054
55405
28154
23343
40474
64317
78884
50755
35387
20340
22566
58867
75493
76313
34662
49117
66598
34734
29402
59780
10692
30929
39016
67385
89135
99482
98017
67796
89365
74106
15302
7418
29511
43455
30760
69984
7772
9643
20738
59510
29982
43303
34729
21827
35967
85742
70943
18917
20475
345
78696
31166
31273
34064
98550
36759
49897
12918
4554
39261
87024
36208
63031
32886
79662
93790
2869
3785
19785
39959
79647
66118
99613
14375
87944
51932
116
75239
70848
20591
91935
65895
51756
39559
16310
66658
76318
66207
95927
97223
5467
82950
33430
84849
15835
29444
94991
35056
33228
31127
91366
12874
13596
7330
43600
1540
59261
43716
93130
46460
80658
85064
12355
32413
24622
28664
15422
17291
11222
11349
14514
33041
10650
47943
17889
42837
93738
12879
77892
26966
44005
85609
56191
57601
92938
99791
75492
52199
59858
68621
15010
40515
70036
89279
11009
88732
21053
28300
99953
32401
42813
32993
59402
7107
50882
2238
845
80112
80129
44162
24117
82089
16704
98069
75027
32846
89912
43577
92703
58532
58586
49569
44919
2302
38848
55927
91033
59900
578
90985
8652
59742
40330
68053
83201
7563
86643
397
87674
83123
44558
28142
65212
77613
42562
40238
10459
32473
83814
19513
7356
58751
85434
52274
77404
40633
24553
68436
532
25130
75773
25535
1224
32454
9939
84424
40016
96581
84820
44041
79704
45729
88535
44915
39693
31096
1504
50151
79921
1669
86016
87276
60419
71449
55902
54175
28433
80454
22610
45316
21935
14734
70850
39510
63539
97140
23933
19906
93721
8752
63947
89776
70832
68833
51042
10525
16280
52545
77027
96200
54213
79394
99828
30983
67194
55729
85157
95626
52534
24119
40941
90820
55204
11790
30330
18743
25282
54262
38648
19002
79366
18946
25129
66549
87778
76170
77073
20410
45066
54100
16609
99278
33493
32788
46612
687
88516
48121
12664
57401
88591
53605
64573
43794
65394
94902
78888
7027
65515
33888
26028
61232
52833
67508
27781
56963
43677
21205
77372
5094
75304
10332
4371
25149
43120
67335
42187
47987
15455
54850
21740
20397
8454
86312
64190
90200
97565
59430
97226
63079
93317
39606
40663
62501
23465
68443
35815
67142
89647
29538
88587
81303
56222
92958
22803
99341
76644
64989
63679
8450
36190
85418
28846
60996
71729
9387
51195
69293
68816
64772
48724
78484
20729
89386
57337
44194
74180
93151
27687
80178
39041
16273
77832
95262
25582
634
10954
2225
81974
74632
10674
34516
76402
55871
95511
64482
65258
63057
50127
34073
27828
15202
28909
64909
20939
86245
9102
11470
95747
36788
91647
34787
53060
85831
30048
78642
2816
41001
97218
1142
31985
24244
35657
24738
80114
31167
89219
45371
10575
55697
95796
38402
70898
24704
3310
91836
27300
28763
3305
23046
65550
11304
57833
34962
97134
4232
29955
16301
45233
27172
17442
93569
67767
53098
18306
47881
616
23876
9603
11190
79573
21750
65944
50470
62805
85605
58658
90104
14368
61962
13150
96269
89617
87334
31230
3102
91565
77536
19403
53149
21060
53196
46717
88826
22646
81374
36706
23261
5250
62661
50803
84822
84410
33098
51643
47215
35054
26652
37318
65773
88614
66819
78394
94582
54152
25975
97684
45717
3511
33438
98865
24570
86633
61934
13395
9278
43307
66453
48891
48556
29113
16045
49729
13522
49142
17724
77088
547
44375
14406
66320
49340
97576
44713
43922
51728
70687
57957
13796
90549
91394
29012
15118
78026
7297
28513
87304
50604
11317
52546
15511
40429
68590
81592
70302
17731
99315
47390
34629
43689
78147
948
9381
75722
62012
53302
43801
49051
27610
57596
39599
19003
2960
54717
13380
10256
99581
17035
60859
10897
69580
92722
67677
38169
74313
54330
72251
73627
1719
6880
33667
96217
24179
43047
71939
2543
12700
15739
51593
40309
89687
91191
75663
92646
62259
89043
2901
61839
22429
89087
92009
72833
73115
30177
47145
27445
18780
37123
45515
25659
70789
41732
66189
30188
13670
68731
59239
45760
20323
15900
35446
11514
91562
28091
90124
96956
47344
68315
19385
43807
73753
11393
16639
46868
57921
80135
90664
76700
33609
52530
18710
20749
94261
84899
50936
24282
53629
10175
70042
73952
26074
21839
1817
33987
66282
8292
47295
13625
76606
66679
73783
50359
94423
6773
13578
68695
86907
20593
61747
36867
73122
80456
57615
83735
81706
8551
8016
35335
35077
94409
25638
77502
32600
43806
27840
98881
52097
75134
28857
45055
58164
2639
11765
52586
9411
25342
21281
12669
62286
99379
49535
35407
79834
7149
35493
61540
32051
43509
13226
83479
54269
38863
77332
86868
99020
5172
85748
51116
96657
30956
12522
54821
33594
24286
7406
59356
65979
45038
72024
28264
44416
37910
80023
40602
61411
15515
2141
93461
75375
31718
93292
29644
70580
70623
32863
85951
75794
34963
37066
72451
65918
65940
27271
15864
90225
51028
75219
56204
12418
63595
819
73185
17856
80841
13786
79266
96356
32278
89079
88082
63995
82370
17725
50926
52992
66940
36876
45138
1902
90294
33940
67819
56233
61210
34
46457
28589
91605
19012
57358
55199
19831
30543
73054
17023
44328
68672
29730
57750
17812
56952
40119
51888
7878
93110
18827
61105
38247
37080
51398
88538
21251
7630
49747
21284
70439
94688
12888
5802
52045
84438
41984
98939
73844
59007
43267
42515
5088
36224
264
39251
9527
40382
91139
33756
49843
26317
94861
4442
63397
62610
92979
84647
86592
59078
5930
73382
70117
18818
79183
38513
19607
21167
37452
93450
96525
97070
35964
17964
49645
52579
57215
59171
92960
48353
9279
59155
74669
20491
79948
54417
83100
72926
39063
86043
48355
44993
59424
18471
80162
38607
56984
16120
76125
94435
9570
89001
91504
61885
6964
41148
14464
80530
16670
23775
28882
25948
82929
19903
46438
62876
74319
45890
52154
29734
31932
508
91078
91356
18979
71239
46314
92314
3710
38790
86748
13279
44142
94603
75164
67457
35750
89627
68771
13401
76868
94719
12682
13122
57508
91909
3793
3397
44062
33526
35329
44570
24603
43036
79900
12193
89349
72213
15902
44490
75312
29181
88631
69914
20696
56087
22015
26674
4073
90785
56426
97293
1855
69107
10414
59363
77368
14206
79111
21429
64083
30791
82350
88685
73826
62249
877
79526
50813
16779
24015
26124
62311
12645
96037
99358
85084
34403
26031
89156
25188
82456
86448
43394
67915
13214
19108
61634
43771
98219
83062
7854
45361
81764
96538
19187
44012
13767
15064
11177
46897
39079
37300
9207
68075
49689
24916
53158
84091
50946
58666
25630
49753
61465
69024
34019
74678
88131
95652
34801
2701
95066
42654
48062
76829
55543
83600
37192
85661
98663
48368
32557
37741
2020
58115
22168
51708
83030
75325
35798
50327
33990
77780
80
95455
46803
50450
86484
51285
46102
70338
57519
80289
34751
34347
52184
18350
87890
37844
17012
52610
70401
71105
54629
44867
93272
6336
27897
84948
58485
78223
35290
36264
94654
47096
99418
45104
33579
67055
7557
71215
37392
65075
51503
72142
15773
3686
6843
20014
57882
23854
72623
44634
11310
27251
89500
20933
49938
33748
5881
8423
28323
57522
61038
22976
4617
76808
68079
38195
43862
91987
9409
97605
73413
77264
86098
89185
97301
92940
25551
55182
33145
98173
99815
44455
41776
5667
81739
91713
39414
3971
135
67736
61492
77525
7064
66108
54332
91494
20655
14545
83481
30063
12149
56893
23678
98246
62430
20979
7537
4332
92512
40681
2504
92327
1487
44279
14345
83226
35992
70110
87196
52478
54198
48688
46354
61261
31147
685
52754
51801
15229
98216
43729
25831
21893
41974
88260
59223
49510
8943
51735
6543
11446
60413
8029
72077
74757
7606
24420
61218
94802
76897
15415
59841
23251
76675
7339
40287
29429
59140
71868
98366
73707
15596
24196
95599
73922
28807
71174
39783
37749
22908
46325
49195
83320
70706
37623
74428
78311
62042
35645
73112
38938
51060
49304
78540
44086
56643
35179
89866
32134
7046
88232
5840
22641
12427
17790
96562
41234
88963
36345
78982
28222
99021
44528
27893
69726
82150
2320
48037
60543
54317
37500
15833
5376
3156
94372
65813
59798
29550
55679
8283
36595
43910
14122
75588
56336
48263
72149
13921
37226
24845
9255
81799
40218
53782
9692
9943
52284
12011
74331
12826
82679
11831
28658
88054
31338
39382
70219
91135
85283
25897
15769
38230
69806
29890
13817
42493
94504
2317
56414
48081
43514
65668
29880
83731
35801
39571
93673
4436
67933
68004
33614
50612
96186
78623
55017
27523
34356
25235
35009
19639
51131
50777
74220
37288
97018
88036
79781
91521
6704
39602
50217
34565
85833
33947
86717
25403
43972
7505
93335
28327
41118
60298
24512
36092
15315
68386
70448
40549
19746
6438
8032
86874
80657
45319
243
85044
41451
8115
91747
93996
64068
41964
28560
49900
92262
31629
75302
36233
39133
84989
64559
80250
45286
5422
32693
76952
90159
19492
33853
9904
42281
58236
13129
39289
3554
13371
24332
61357
37838
32431
55352
1905
74394
51805
83007
31892
43458
19240
71024
28446
83798
67625
90084
89220
317
83387
79378
36161
17239
5634
78441
75474
35114
17730
95380
64837
58413
56736
2674
90843
28439
4578
81588
28702
72734
64595
76945
16192
83834
47968
60989
83983
31944
51072
89554
32261
34459
68932
84773
68049
90917
63213
43523
26030
97294
55254
90866
55707
11989
9891
46549
40427
30821
44489
85481
9083
62425
19745
9268
10393
80734
93250
58688
48157
82804
90948
82615
68087
92072
67016
75355
55285
26890
1384
68930
82143
8602
24636
10483
34844
87537
50909
65664
32025
52741
69218
57459
15166
88962
66726
41910
86047
76327
597
34204
75482
7897
33170
59920
99968
185
35274
71604
27074
53010
40534
25568
77963
65169
36050
12806
69057
3311
78470
1081
56051
47687
58539
87568
36648
41616
29477
39047
34295
46426
73250
9776
54322
6419
86048
54289
22956
21321
42245
66381
74330
82778
91949
52292
64298
44350
65098
33355
64012
43567
50787
36415
7605
25678
23982
60604
83645
69811
99650
17939
16236
72899
44067
70557
95670
30114
41197
18625
51434
83441
85005
42116
82570
93305
10759
63220
37655
92208
12926
18018
52126
63712
54432
59730
89389
78414
20334
73034
64576
36335
7324
80811
9234
51390
51367
21255
81503
8915
39879
49289
8708
41235
7756
91277
34540
34866
88546
83773
6563
79199
47485
77347
55281
53225
55760
91966
42610
36687
49934
17497
53885
17675
85215
75139
15530
94129
15017
81170
2836
72604
88925
10465
7143
23790
81312
12040
67215
81437
34954
62766
28921
12300
18046
98497
84411
10011
41107
21097
54662
7392
38593
8547
25066
23807
83685
56947
34288
15054
38116
53475
87657
43392
80291
11151
83534
77955
23190
50748
59391
74495
13513
88311
86795
47910
3159
87557
57920
44265
8654
28934
68008
63598
37480
9426
3757
21164
66372
54396
36217
20840
7870
40225
64231
88161
51375
47764
66115
90916
98512
41857
65411
28376
46519
68557
76286
49677
56113
50557
10294
81118
79490
78301
61068
16969
87726
64824
54485
70450
19219
7053
91289
43440
47278
55519
47952
15004
19635
30418
5920
18146
72274
87682
62873
18792
56238
39158
68469
12350
89715
78762
9820
69204
73414
70887
2525
77492
35710
57009
64293
71280
64061
55581
14719
27690
27451
79023
42694
47085
9440
64965
81582
81714
52646
505
8883
99964
85325
37584
6030
80438
47403
91586
53852
18289
94110
47695
70350
67470
11987
57981
47882
67567
72700
75572
11369
68074
34617
74806
77513
72739
59226
52226
17193
76083
77460
33509
77759
15043
39538
58197
78798
31123
28400
13438
25232
76094
83788
9053
88080
41768
56935
71998
30819
32506
83366
98892
83474
74523
76405
99406
47262
51982
51631
80806
45442
14314
22175
76836
70204
80371
55633
1326
25122
69071
42910
1215
69210
51962
89294
10977
25248
77643
58148
74105
77360
57039
57578
51883
49795
56983
15496
1777
24965
96301
62544
86758
26967
84718
63594
97170
81440
19226
14847
6561
4648
74108
7775
73857
42422
13420
1186
67669
7414
59333
41774
84774
16371
15703
53008
82518
72686
68503
646
14002
64803
63189
760
8121
64259
64353
5290
45698
99930
36489
68611
20930
10596
76385
94786
53017
6157
95971
20686
13570
71655
78811
14695
88026
94513
67702
86895
67198
36204
87540
97552
17359
50728
98311
25479
14986
79015
30769
77036
78944
83609
45646
99873
94204
38382
11011
47221
44538
23333
84258
74460
94988
63068
89154
99365
57580
56856
86259
41130
93059
73798
55033
10417
40877
53343
52248
55863
32357
99368
49250
27652
82976
94895
43877
77179
33276
54887
40751
94166
94571
25008
84977
89558
4427
74130
88922
78359
30985
75180
19488
40396
48977
90872
67164
6206
44214
19411
78420
92922
35130
27669
36925
18105
38915
80801
95284
88542
52039
36034
82707
46610
77394
67683
52519
81820
58165
41441
60178
5501
32972
96017
62248
81949
86888
29412
4506
47453
65174
82925
56726
304
10593
93651
34760
49507
90803
30043
38048
59194
82429
37107
5803
59822
21141
74673
57993
79305
16113
34523
1158
49085
30539
63405
47385
33779
9168
51890
97583
74342
34814
54309
90997
61758
64311
25756
27616
55113
72151
65663
14306
54579
19121
36460
30752
40262
11133
88744
35918
43597
39618
37075
9033
86509
480
72769
20287
9647
24658
34221
340
75823
4881
7688
53932
69191
49796
81547
24304
21946
47210
54961
92876
82682
7773
23627
22943
18905
28722
75213
78853
68340
28639
87886
71200
29118
60654
7838
55117
1664
42058
71808
93838
46939
79496
47770
16129
29291
29316
56784
67588
92877
11745
60463
75559
19517
441
14853
54773
45514
6417
49977
30205
37862
1404
80525
14868
9241
35641
32883
67651
7449
26720
14589
3296
90841
47069
32586
36509
3853
173
29385
31949
76987
21295
67817
93779
52500
38941
39292
75268
88917
69497
10323
26779
87252
90848
57998
96493
42840
90880
64143
50288
33951
95083
53583
24792
42151
2520
61300
62355
19044
7036
94303
12382
44683
78471
6160
97182
17411
45452
72449
6328
31300
99124
49458
18551
6323
31395
49162
14686
95537
15802
48636
6971
85736
89779
49122
4608
67430
11476
23651
74466
22131
36033
19148
601
58544
32681
34364
3995
21481
40691
51646
20604
6500
86549
26926
30306
17943
92440
61343
29832
8241
26330
36802
10328
16109
85923
14935
83538
13751
38586
58003
52233
90970
93502
69185
49513
26182
3548
69860
47663
60590
37857
68266
24405
11544
13746
42348
20335
75088
72179
44927
17770
8980
33878
11255
70189
33767
41357
25126
8122
93589
32447
1623
79125
27805
82673
84522
91819
59614
22379
76436
43055
46783
87979
73152
5482
24665
64592
77660
69591
82361
2992
16238
30598
11385
66356
71954
52862
74477
81894
85308
76100
61018
83618
20256
60042
84492
12074
19656
6870
88509
79062
53652
92840
52213
75486
17504
16804
53145
87095
99164
72488
11939
31753
3085
39675
98109
91390
92536
72585
73283
77843
65036
50653
77812
85291
10694
62303
97364
46701
85524
25762
55528
95064
77975
31013
12567
11130
509
99661
26646
72997
27951
58398
76081
72858
83823
76512
61795
73457
54354
26830
24109
48518
28473
51155
42188
97855
12696
44412
23617
84575
39475
15587
68394
29072
16095
84406
55717
89091
12357
30467
81524
96333
19676
65346
72845
97822
55154
43550
41004
79263
8419
69476
46769
35591
28015
44623
64638
72427
84591
49212
28253
18885
81150
96646
47957
97244
81052
20025
2687
9760
66843
84210
22444
2871
65907
95288
692
37412
55190
41695
16674
63608
27522
63442
15550
55537
24417
80187
44315
25359
45750
72567
44244
26899
69213
8552
40495
66616
44928
43181
92727
11771
43742
15170
30993
26000
10458
31684
63411
81999
89731
96437
45606
33604
76230
77508
89140
57694
33454
42357
19796
22373
86600
63046
7937
95151
3540
74552
40078
63072
67278
68200
6813
98799
15544
32812
9256
47228
96223
53310
92659
53212
86913
85240
30719
92405
85886
4764
25858
28242
40911
48230
31193
3957
56166
26343
23848
82772
86920
30698
67324
10084
29497
82867
59248
55104
46446
71822
62710
16107
80832
32273
3020
66071
79343
95424
68308
84106
37633
96549
41369
2215
27741
61677
74732
70435
38153
69559
88795
68850
53234
15231
14698
52452
74478
69802
15250
46299
48863
31356
43482
81135
50727
9552
60477
62502
77860
60934
16487
90760
18701
34853
63978
9784
21639
65854
47936
7549
71000
16786
60782
86230
47835
29586
77059
17636
61187
39709
82850
8894
83190
63984
59621
92742
40812
38474
86953
1746
54960
77712
20399
90012
12564
729
16148
34203
82934
41751
53933
97220
56515
64822
33573
79042
26008
73282
61892
34901
56471
42227
10873
65564
83039
49347
52516
1136
20658
30228
37886
27022
59143
38614
59521
93345
37899
23603
51448
91832
37175
70332
64698
82229
35153
98270
77622
61160
87903
39513
12412
60726
98092
23285
26289
81130
88983
78805
98617
25992
25384
36502
69365
84526
91468
28885
94223
29366
52488
45670
37549
6014
32353
2246
4594
83857
16868
82215
61368
4770
38080
73779
65495
36171
13415
8136
33652
2397
3292
32268
28389
28675
85121
14105
29552
76588
42990
40126
22306
11829
85795
76206
17842
34499
94804
22435
18355
11671
4649
79722
32792
59080
69853
14639
95250
83267
22774
28901
2016
26065
77520
46756
54739
62641
60860
642
55580
3849
40768
77885
15677
42914
70443
33518
77413
65246
72304
12119
93268
76953
8193
26059
36032
94397
40697
47634
77663
79822
76534
79678
5886
54054
42785
76976
33046
3645
77618
88625
7493
34737
82862
39522
77650
53304
89391
71414
61695
83533
28168
38647
8077
70578
91030
2473
27627
55015
96487
7448
31549
92517
13334
1954
35301
6661
51351
38945
84278
39975
62790
35366
39188
2311
13016
8843
91701
781
60095
53395
84313
88262
8393
8741
75192
15775
11213
19170
7700
26617
18689
216
56302
36994
35516
62963
88344
90813
63592
44671
53602
98958
83858
72264
11973
80316
12753
69147
50063
13418
73761
58455
38510
65304
90581
49723
84473
61370
73774
11089
96410
90341
83743
33404
42208
46705
38099
33020
10296
82769
2973
9253
82979
91588
37577
8383
71904
66682
77529
38318
80099
67641
13124
18608
32944
3705
84682
17416
81426
44857
77835
65147
28599
27590
7355
75303
65689
40374
1950
64809
59699
11203
64139
51286
48779
72521
39541
31812
66402
77858
11910
34042
90982
46870
66986
94686
47903
84401
76111
22710
29257
70297
87856
57855
97887
95210
49509
63575
35584
51459
28383
11634
79013
92522
62919
27791
81394
2460
75955
47795
96669
87864
81837
87650
51085
48822
82335
15340
49574
74797
38049
95183
45094
25904
69389
59332
37466
18898
22906
89401
86708
67640
1034
65720
76513
63952
9862
57907
82763
85816
22053
79432
90032
3889
67081
57468
69062
65768
72807
34988
56916
10855
30170
18361
53111
99558
77692
90576
34807
16949
79976
21514
941
81009
3585
77453
61312
13447
51711
44075
15614
90116
23506
5645
10356
6938
63113
79418
89057
52271
14405
45973
63126
60926
80685
32588
60483
58377
23163
11642
91677
19490
92617
498
53092
86422
78161
82890
54484
22235
98503
44599
62092
20500
54955
85382
83612
50724
74438
52234
81480
36762
15359
42405
17447
2887
92175
87460
14528
83851
23301
64035
92820
40150
33478
79241
18311
16367
50076
40545
14869
11027
18989
35368
65981
4370
35331
33056
95159
3917
14535
31921
19275
56939
49367
99925
76177
57893
3736
7057
41743
27037
87443
34562
67186
20920
30154
85496
37286
80230
26041
68506
7608
61381
20226
73588
65750
71908
22995
60908
75824
37529
9180
11451
94467
74898
11375
86995
32790
15110
94051
74533
42146
81493
25446
25684
18764
71952
11179
72401
68533
53571
57259
76140
14951
77484
66079
97052
65743
89073
74312
57919
26601
83491
69369
37419
58389
97095
24413
91178
28556
34816
82062
70702
16308
23860
12737
51424
95811
23915
23824
64343
77486
81082
56834
8788
58565
22912
40660
11984
96503
98578
54936
79993
84298
92354
54733
81392
33118
45911
9947
44324
97000
593
68183
9736
52016
63993
50003
75839
44687
43840
73273
1520
52627
48189
40783
74818
88848
52766
71320
87425
7701
67665
88074
16406
22397
69465
65876
84659
95764
50160
28983
92763
50752
13517
18851
19119
93862
68853
38548
12692
84582
56420
81670
32770
97202
72840
21618
44159
25394
90372
11823
13468
6778
50572
99284
89005
35230
95047
39164
80564
4162
6268
94081
23012
25386
87942
8216
36695
42841
37259
21276
15612
18928
70398
12814
91767
92015
95485
52278
33760
85856
80452
47227
92633
47375
46511
81637
82605
57909
37153
79520
62070
43420
89952
1433
68805
77893
9648
21852
37086
63258
59479
52697
98538
29876
81862
6656
21890
77346
58933
72002
79554
55737
19228
72186
3111
82090
70175
2067
56351
7327
81587
18420
67098
71538
19853
35902
65783
45852
57753
19220
9110
17232
88268
7647
63459
86482
14302
1701
80179
89587
73702
59732
45323
9281
48270
48433
7723
18444
66852
64073
42122
48438
82492
9219
36327
18696
61472
18461
64548
35577
54032
73657
69160
42300
97655
32618
28781
11956
34318
25311
17894
8019
85043
63216
33312
28001
41374
68107
94852
5446
26580
59641
4289
52150
12319
22985
13621
47132
87532
49197
1163
77540
18356
43462
91546
50974
88594
3501
1643
30257
21395
9662
31651
962
43313
64962
45314
1038
49420
56517
6483
92351
32509
10771
44500
61180
50107
58120
8311
53990
23669
9473
31529
58376
69287
23074
25701
74232
42927
27344
4488
80673
53357
36138
97986
13021
17451
43300
14058
83222
16168
36892
48677
64014
36423
9856
14121
94543
18166
68110
34563
43990
15991
29628
55416
18639
20212
14694
62334
41051
95366
15690
93541
9704
28710
10991
69355
59119
10565
85522
96010
2488
34198
60023
38911
60405
74143
33453
94922
58605
84367
55264
74595
77304
84891
46362
12294
5102
61056
74627
46153
72773
6668
82476
35377
67035
51830
10847
93951
53704
6856
96439
4253
66879
35349
64658
57373
85153
75931
15977
69519
31194
6923
63174
32437
53285
91820
53890
30692
66446
16394
3464
89466
56086
2292
24842
39473
70473
52041
33423
24176
58896
46213
28429
42126
81561
9438
99499
83065
1720
31827
68935
32914
55102
32109
81702
40280
55429
23077
51985
75244
12542
24422
77535
53736
80246
64360
5776
30021
64671
76233
33315
6797
74146
59104
22647
57210
60824
70825
26145
10089
42278
74605
91790
67015
14884
43732
38795
37960
95716
30391
66854
36490
24277
20589
16735
88636
26364
46755
93523
91034
39340
26837
14182
13485
2293
53180
87046
63116
40357
29542
73204
82634
4146
81345
66001
35381
41428
21147
89693
53496
51537
56546
89985
75814
93486
23071
64449
19849
86178
57971
27234
25517
1160
57768
55353
3452
27299
42398
82919
67655
88292
72474
66641
92437
53818
48993
44170
95245
70139
50214
48740
21676
23111
55076
13841
16596
78289
36444
80676
52612
80029
22544
53771
37796
77896
73574
65095
36645
56492
49101
41288
28965
32093
33725
99134
81085
94246
94378
67576
44459
59470
5603
67569
30897
19443
516
25395
14083
36959
6070
83046
33339
44965
36816
71135
39212
26741
52581
75857
83232
18033
17144
12196
50126
67220
27681
47562
77817
38411
15137
38627
97880
37091
22547
45128
56533
23062
70523
86968
76372
92944
70013
9711
37909
23181
97197
77120
49921
66129
69328
33153
513
2824
61700
66990
86395
89381
14552
64212
46040
19190
42022
99483
41737
56015
64798
74023
59334
83319
29347
67232
37579
52527
80780
31050
2447
63260
378
51951
63772
19553
30003
30762
5947
35735
61665
86510
79877
24056
22052
38250
23538
63788
41750
79553
44937
32125
38886
2458
15443
84584
86041
69373
37110
66820
422
55909
46431
17151
7859
10203
36703
40964
59002
89947
2628
61863
86175
26683
83914
24424
66573
47701
66174
46125
92638
14650
1362
11447
46444
85946
97488
15816
39407
80659
16237
95315
27090
33388
19526
37292
86442
73738
94607
45443
80037
13586
7306
66211
56620
7571
6987
23192
55272
89512
85668
64261
4161
3382
92059
5679
89546
66419
45085
86557
99007
56752
13646
32394
76277
67289
18836
66366
78247
80630
46402
8184
4287
81155
11858
35951
4347
41814
6366
47741
45974
26099
39799
96577
31777
45697
79347
93214
32253
78353
49965
62250
27099
26241
92606
40488
42915
55360
65023
63554
84324
46177
75411
36626
66875
58891
78439
73241
22983
40764
99339
79133
53692
47468
41181
33038
89785
27742
90645
71192
16885
14275
33477
25842
71114
92744
97553
36136
56297
98228
82313
48059
65539
29643
38779
46283
54470
41767
40449
1937
82948
89838
58969
72732
33932
49613
5123
82849
71744
54952
25042
42858
64047
22595
95345
20822
94009
84753
72027
59548
8053
14678
4779
12453
45227
87435
95400
51417
46403
84484
85348
12367
25601
6822
95215
97344
61773
20257
56553
25819
42851
51898
78865
63672
45906
63617
35698
21805
88021
53719
36483
75059
74849
5629
87512
20075
9416
99263
87843
72170
83746
73190
84537
25698
80012
96103
23042
58136
16359
95946
307
75561
47843
79171
55585
10101
7634
31905
63512
77704
68387
38571
52552
90368
42434
88979
99783
58048
76821
88304
41794
66363
83843
62726
68943
23236
20861
1653
19182
93566
83376
16690
49150
93476
75829
73135
41733
50839
26471
77910
19742
33190
8720
49324
94743
1893
37628
52888
68255
10467
36730
30980
95761
59966
68192
97414
95499
5711
90979
78874
22400
56480
88702
14580
29614
46786
70271
96804
73256
48181
16546
6446
1227
41617
55769
95969
93396
48856
28115
20215
1938
75446
15975
61903
43638
29740
65700
20718
52626
88099
93549
41327
19030
39515
88112
89300
36318
77720
53832
69215
84165
55059
27184
56285
51027
87044
66033
16235
15159
2599
18172
90604
18573
96426
50593
48313
70178
16292
39155
20742
95283
80482
39771
34797
84945
29071
87466
62664
82902
73033
63180
54312
35817
5339
87259
1849
37925
18769
4447
72448
25725
39371
68873
76317
4035
55402
92609
5769
94556
29702
1051
91389
69473
76334
98543
56016
55349
97796
29048
18529
52108
29263
70697
32874
88897
11722
51642
9695
84169
77366
49065
69393
70035
69452
41146
78995
75220
35701
8696
92622
78168
61172
19775
93062
17187
75123
90858
46235
10003
59317
91849
80699
33114
24722
69595
92716
79289
61707
86433
44706
31099
56467
14157
72244
35461
5728
24296
60509
14701
51385
38676
75872
87511
31738
93058
62634
38947
55644
72636
98263
47493
69687
47728
88566
8914
97633
51274
70620
84066
95979
18070
56884
26487
6665
8697
32214
30960
69205
46914
98697
24232
39137
86207
72321
48546
65192
11267
4190
54180
25881
68034
23866
73608
72951
79498
98873
70584
47123
85844
71001
43101
3913
27884
69587
10577
52932
18152
57889
38488
81417
56585
62720
20553
42791
35040
69099
7983
46307
89640
62162
88539
74025
2379
78499
46975
77371
17558
45351
63215
4910
4803
49146
74390
94056
2077
92541
51944
40565
90310
24880
19636
10862
84022
54675
96312
8356
17333
2303
86869
5872
89247
84370
23302
3827
78092
57211
49177
57658
78473
53979
41137
27618
44720
35192
46046
53613
3487
2962
28366
22597
28739
77272
83799
37095
10956
86101
23963
33179
62428
29562
33900
2081
11992
75643
98916
69649
54115
69246
10785
98084
13966
62328
44130
83930
65814
47091
27851
10531
86040
15337
39270
79663
99135
90618
85236
16678
23797
64015
62591
57696
82447
95978
86039
58089
11245
55688
12204
80491
82824
26639
10808
45152
70768
94737
27317
34211
38939
37848
20250
54275
93469
16264
53410
86184
6881
54997
19213
47029
19011
98156
21077
1457
10485
7115
75897
21730
62802
4452
2220
45626
31091
13027
7129
1858
24115
34445
52420
63053
88644
72669
17327
82112
5284
87088
12165
42084
75545
77446
18367
96621
95254
28851
71151
66932
82889
75602
69151
28514
6692
98529
51994
24902
22643
86439
77321
2047
75082
66342
19374
73546
71625
6461
74544
141
64897
94755
75686
42342
29473
72306
37596
74676
76041
8746
41607
58930
699
27110
3795
7391
41990
55789
32292
80985
25964
83031
33660
92305
18756
7205
63930
25217
81749
64070
90113
92855
56107
48806
38680
28413
86401
29707
4453
11498
87665
79734
12197
31126
83529
35939
73116
39317
70452
97895
10545
69834
31554
2850
88590
55111
83131
30158
53211
63552
36622
62417
19659
85427
17448
64423
88180
47154
68875
99677
51171
48609
28225
82296
48489
64163
71763
87805
48744
42214
2051
75641
49956
78490
16989
21418
77972
47146
74628
57875
83767
53397
93885
85545
70844
58307
73724
34350
43534
89753
1872
8494
17977
84167
56982
98492
72282
61138
47235
30847
79540
22875
59246
29495
17716
76234
67265
12039
39731
58244
86266
39849
11640
80150
98836
54809
99117
49537
88869
51408
23187
23198
51926
96520
21689
24207
74009
85275
55054
53548
24502
14299
99394
58569
6885
70608
46615
73225
86464
52893
11857
24534
27325
17616
39227
32546
69023
78765
55743
20949
91636
93783
61507
65644
79057
16560
35543
19910
30859
34937
78479
54095
17946
65438
709
59199
38662
3524
12092
8387
15380
80171
32921
59057
97787
88499
91602
66809
83616
63696
4109
75251
57478
65616
57247
36534
98527
92789
56444
44077
99831
62023
16711
540
21221
55372
4063
80110
35795
13483
29382
94851
27621
17881
2804
10781
17848
66499
14890
93098
23976
96857
66696
76861
95383
59485
49656
41120
3561
929
40950
65583
17639
57841
89362
78256
52819
69472
14050
82653
98853
25252
10273
33085
28055
21054
67284
10905
52295
76734
34880
49151
43429
11740
60885
2913
77748
22826
78676
75658
88408
12667
49850
7915
18380
28105
60734
4203
42154
43386
19408
83757
53659
68844
28163
91064
36128
39067
43358
12861
73946
8860
56289
2038
69744
75554
96137
98379
74812
96461
3138
3830
46310
11053
22210
74415
88138
26412
32920
47875
62171
33029
17885
31015
61191
8948
258
52305
96354
90555
77516
52642
8944
63612
44547
5080
68063
42925
96244
64523
46063
73
73467
38634
1598
77956
81398
50870
25830
43568
83898
60067
74582
45088
69014
58075
61697
37671
54428
52252
15186
23422
77547
78797
67968
98979
63211
27245
95222
44085
89659
11646
71269
79477
50280
89218
57432
31677
40087
91596
23984
59679
82530
85424
28693
40604
47120
82715
11384
15723
97900
34805
9622
93049
19124
8600
72611
3821
16696
52378
15466
4316
31854
82097
93533
5637
30125
49972
21721
73955
64928
4250
75730
9972
61205
22850
9038
88940
54924
40096
64545
16338
59220
73144
88948
38291
93316
21995
90669
25134
26310
38874
7230
19843
44511
37355
69814
49760
59075
60120
31039
79676
35850
57363
57232
75051
66400
46172
46326
89689
2619
10871
6026
78190
366
11326
16481
10034
33320
35167
75982
62374
42396
12176
6884
79750
81989
72995
55176
58460
20386
51203
10661
24787
2063
44147
87310
48389
50188
89928
75611
72565
68118
92328
83890
84598
2361
33562
8098
37527
25895
70471
79923
38070
77355
76024
36410
66701
47552
94869
87086
98754
21882
64833
23540
23944
25332
10849
72332
91871
777
64294
64435
85246
56622
64677
69843
58982
14590
77940
96509
40484
48410
92783
78553
68806
14962
8817
32709
9830
95902
31463
48063
77087
71354
72007
18770
82203
60690
10640
99331
24984
75074
84576
81605
56102
70770
40586
70691
65061
53446
11174
13470
46228
89726
55586
31386
4687
80754
64094
30869
76655
11908
78931
70093
83262
88862
81816
27979
15853
97498
52962
90927
98425
34566
63380
69194
91503
34071
34254
44949
61596
64075
7528
51322
36012
55265
72360
16765
35711
19580
9772
47618
14863
79864
47231
82151
68726
29046
10129
930
26543
79442
8208
41319
30359
71588
10512
21862
5658
61117
83162
83605
41544
7041
34926
77555
78658
23638
94320
59569
4091
78337
