7165
68173
99071
16457
578
88143
80750
74337
87734
24316
32545
8530
85470
22379
29755
38023
45509
40909
71697
21908
92002
51533
931
67549
31826
39561
97584
84746
75339
97844
82846
82504
66016
98268
15312
66593
86411
96062
57281
74144
36729
89826
99025
22199
28556
28780
76573
90416
69688
64621
28675
61689
16153
45958
29237
64331
1870
43173
65428
77208
41016
48273
76063
23383
62892
7727
6327
65654
20140
63607
39798
56868
69784
38822
95418
14691
83953
88343
5106
53640
52963
50133
31680
85468
96090
77269
49798
97959
20441
15225
91518
77808
79849
83933
1190
59092
91659
7516
24746
28150
87474
80895
85017
57258
36068
96787
88300
20021
85129
93406
73660
38091
59890
21692
23558
55979
98960
89707
53937
35752
21283
45454
29911
17483
45738
31100
76575
37396
54967
1320
65545
42440
98566
66914
16049
34633
63700
4349
54653
65180
14106
44665
19622
73995
66356
59532
46325
81667
49238
261
33770
86873
62066
63680
4355
7804
94779
80929
61551
66097
98600
43448
24888
97165
10361
57289
48150
90412
61637
2802
71943
92094
63818
91564
82440
46525
51095
28764
28191
16685
29024
61960
3557
7441
25639
24263
31596
36769
21544
9499
19217
20143
52946
60457
33660
79658
17745
98161
86421
95733
962
58363
87826
81132
66278
86617
27656
17373
15380
72199
50409
60755
50510
70317
68195
76149
94579
16143
29269
16122
25641
64838
52617
78586
25294
2628
58243
59390
788
61015
55122
18101
19377
59299
99232
85654
45915
26888
19378
61294
15438
86138
22048
65947
56454
6594
58447
51033
22736
4068
83506
48376
68905
36122
43313
10550
38749
17907
69939
55888
78921
25060
73989
14649
84358
73220
16655
46624
16459
52384
7917
31896
38522
46316
14195
94975
52909
72641
62359
91997
76708
45865
56724
45612
98338
37
56161
53439
34295
42451
9326
29568
67510
99666
44216
68219
89238
77222
14842
5696
29606
39110
53944
68127
1777
68138
79453
54686
57130
41812
63034
33838
4028
19757
95801
18717
36145
68314
72155
86792
10764
97833
16359
94626
97498
76926
79196
86735
54148
10390
8783
83753
49499
62726
68231
51276
47215
64035
22313
20696
5846
85346
54533
26225
21454
66686
44942
73951
34999
33448
60742
62114
31280
77100
56739
28778
54025
35935
15512
24524
46324
24294
24628
12174
3371
9210
79801
66937
73245
2113
87633
79090
3810
58517
21667
41616
25202
82960
15566
60200
16407
76307
22314
47687
53406
95404
92816
23782
31338
8327
64658
94013
48973
89285
6187
52343
98495
2339
19280
71739
4452
23264
67180
24613
81780
5198
66228
6982
88157
81793
83533
20916
58099
68602
27856
1250
61417
67990
48939
86095
32647
59304
35067
38283
81842
87410
53129
84180
23041
24867
4983
46304
8399
29596
28083
13596
12175
51416
18105
10320
34949
39020
68418
40794
23973
12626
58395
85389
96967
23686
87835
29613
82989
22902
84247
81182
26663
37376
65361
66055
78594
86696
28710
86992
16291
56792
16940
44817
24560
35044
55136
59508
74063
39906
16653
98035
52531
91400
99775
65849
15085
3961
11813
14425
43214
96059
95606
69876
49786
77318
52282
28380
64013
80991
31723
96655
54135
48662
57824
78694
83705
12959
38201
74119
52864
54853
88505
21746
62604
88279
87594
77688
92240
99406
8464
35453
11817
20421
21681
61602
14091
90314
89981
78103
71305
21704
91110
25439
70365
48933
20484
70422
61891
75036
60892
31107
29888
49397
52852
8844
37675
56798
2883
46266
72555
11347
98071
84371
48119
36103
45973
62209
26416
35953
56664
14072
74008
47773
39510
44373
13057
76345
31146
91299
51380
92037
22405
97620
41433
91609
6463
95460
64758
9345
58077
37312
20691
72499
21683
85162
8601
67655
47370
51369
19959
4033
65440
93967
68157
21302
54691
81213
97646
85836
72512
49026
94224
11268
62997
52009
19228
69459
63820
83985
78803
38248
21297
15846
10747
59331
1007
35699
26985
64728
87067
63295
68761
68859
57261
36917
90160
11951
34482
4157
14138
6993
53182
24714
34612
16178
76722
53840
1988
56893
37824
97143
95140
75472
12988
22238
34802
30346
57937
78138
95073
61355
80185
30213
15045
33454
20372
43348
67935
24529
73837
91279
94062
98550
42242
26592
91623
96081
28579
48515
50257
25721
60007
25728
55060
82244
60530
1757
56532
55019
13182
17887
96451
9718
48099
11496
43171
84823
71195
27457
9351
45031
35087
19764
43581
77329
62707
35203
73409
91286
70
23665
33358
76428
65745
4770
58671
42626
22878
15203
97644
36059
33089
94095
45777
97539
21942
5299
82361
93136
49108
8063
38166
84194
27827
98098
77874
90533
33301
67635
98170
49722
7651
47880
26149
73395
69001
1171
16020
91878
32725
13664
44289
65813
24110
6417
79704
46051
11715
62064
39186
77174
86479
93703
61368
14305
91801
39241
21189
41453
6875
35711
7526
14526
83590
50026
4272
68942
51196
20292
60819
83921
33955
5107
66085
58064
11523
45788
20466
39590
24204
76003
16763
10682
69705
94482
41338
77857
50075
62526
35661
56949
14588
43186
14529
93211
8450
83470
44407
28741
60641
44679
79047
65747
10763
53462
93622
72903
73927
49563
97106
49929
66325
24139
35985
77159
65476
30194
27233
44353
65854
533
58941
9040
4711
89821
18602
13160
73291
63008
41900
50283
24038
20946
16029
51153
90759
26002
24055
64685
75564
37512
30965
58241
61650
83301
35399
27125
13494
62631
87829
95700
79515
63121
4739
84225
52942
23340
97384
42584
2700
39283
92866
43089
76580
25246
94241
67338
67600
18295
48374
43163
72158
95690
17755
33807
78991
69505
77283
8836
48487
65112
4535
28002
44584
25625
12226
97525
48965
25962
56460
68016
81596
49325
11104
58176
90923
5345
41865
58522
39991
6591
18036
12149
2280
35791
62307
97622
21647
55942
6458
70134
37405
27344
98135
81988
52969
26712
95865
18285
52673
52324
86300
34269
1649
13755
8796
92571
35451
67012
67444
91794
89954
85479
20294
8586
37621
82600
6207
59268
54893
29016
29401
92297
56360
43887
90637
25680
86950
86501
43964
55975
38824
46615
6595
40472
60369
31742
49394
12172
15105
16837
3965
5059
18668
24258
13644
56288
23209
36202
31907
78102
81570
77659
86750
54281
21545
77386
79960
24847
63886
23923
80821
2710
70537
87415
59533
47257
19156
25279
59428
50612
58467
63392
55670
77134
4001
85665
49774
27210
38219
81680
21663
36140
59339
8412
90420
97235
85798
86731
22081
66035
10653
19253
68744
97541
23019
44629
61149
58526
69907
36929
9138
28373
16672
64807
5507
20673
66824
71632
64234
5042
53311
85896
41181
12649
94307
47952
26236
96456
34682
64668
62491
61686
47586
75578
6939
92214
36726
81817
78472
90006
90954
6845
6678
72112
28703
27350
55287
334
91583
60328
69996
77478
17860
98997
88136
82163
25232
84592
16844
89899
63434
94881
90171
11019
70458
13462
3233
23536
95278
81704
13541
2583
4900
36570
74694
49954
63919
29981
66639
71853
6660
36635
65682
40872
35631
53818
39386
60862
54761
72582
67112
18194
67462
57283
29212
54272
70744
48796
94159
82373
46852
24051
84955
51751
60621
76000
18057
40891
22332
84695
12744
45344
21329
94777
2567
56959
48594
41952
34172
19706
14533
17636
37899
81995
74918
83463
52618
62013
48610
46776
60737
95461
70826
45691
63564
31446
38042
81620
72337
60374
66314
1432
22069
3995
96208
24635
77305
61154
82938
11477
80859
97471
29112
35110
95817
20381
34924
48434
98745
95209
59481
78994
66034
21523
58909
13832
59564
40528
86168
36289
23193
87599
58357
27187
158
99343
20844
61311
82281
32320
96103
77783
93631
91919
14515
28554
56704
13259
28438
51912
89091
7431
34297
10613
66339
48128
70176
23218
50647
22817
46411
38245
89949
54755
96868
10792
16065
95500
59463
90938
91602
53597
84568
99872
84463
29473
56575
97721
57911
24838
3163
81693
59134
13775
64384
23614
303
87601
74260
23119
50363
28857
20643
83611
33862
67455
16027
45713
43270
6965
37314
13218
7884
53537
97681
53709
26463
11753
11619
51300
14916
9663
26786
28690
74046
50399
28992
77999
24658
68462
28361
53514
89105
85024
53476
39318
68831
69503
85031
28452
76467
38696
41669
702
92233
55701
54410
18695
83806
82380
86347
98721
92043
13132
43762
63530
89106
60438
4539
73919
5151
74405
79375
90174
27880
18693
75356
97382
3723
3807
90200
42418
61828
90902
51002
33880
45311
86049
17685
44043
88747
32757
36085
1878
92871
34876
81759
98328
11666
2649
72246
16816
77053
51621
23341
4933
86665
98697
2314
90387
18855
8866
49156
97034
99767
16510
30914
61429
18910
64950
5471
7656
97707
57907
25885
6929
92783
23995
5256
4448
26643
93853
37615
3696
61825
60955
24980
48489
59651
43645
55227
94858
52510
20735
91891
68628
37244
22804
30057
56153
87754
51879
80160
1812
26138
6044
25092
35272
30038
46699
56071
73032
40551
93685
76727
18728
54639
18058
83568
30642
61703
38795
25499
30564
59529
17389
99192
13124
56545
45600
69276
60650
13830
65787
62461
39967
71830
3904
75238
1867
50602
31308
74898
7504
41344
67977
26231
95983
2386
9799
26624
64088
64945
52122
11004
24473
85862
26547
37596
42406
72146
23223
3055
2327
89009
81867
58646
77190
85770
33883
95408
52723
81543
70305
60227
22886
54633
2809
35220
57019
12607
78195
37458
77551
46668
64813
18375
32530
91359
72322
91287
79856
11896
94342
82183
17256
92560
40828
94445
78330
91062
89852
31052
88956
76509
7630
28194
47493
10439
63413
20863
23045
57960
58321
16948
4627
23133
51674
37156
30844
23996
28443
10699
52243
39136
92881
69499
31695
50060
63943
26376
57474
53795
73780
46429
46655
81409
90974
94147
91847
70739
15010
31244
28698
89682
48191
33324
29166
16216
86832
60009
40211
31626
70708
92454
70761
79940
78304
18807
46352
42246
45183
3825
12392
18962
66605
59046
370
57579
69545
92217
28317
906
23460
57014
88002
6689
36104
4217
93520
12465
60780
25145
99524
69585
12257
79463
47888
31064
25814
6485
76246
45990
18877
95207
12595
94274
11928
70173
80170
20496
14841
81075
60307
88206
88013
48308
94894
40469
68877
88414
52933
46008
29910
52456
15592
42167
48270
79831
73230
90436
86315
65827
52777
21543
61033
65371
15817
89312
51895
95986
9808
66735
77061
70114
54940
81425
34774
66186
21893
3650
70951
91177
66009
860
59984
97952
59378
8254
77782
48959
15041
80448
14785
67817
1991
75817
49540
17807
81481
1434
30144
91288
84521
23556
61401
55812
4981
96174
21997
43225
16175
9299
34402
98535
26511
94385
96486
85888
18990
74267
34847
50382
71067
49631
18199
73057
41800
84090
7215
23280
85523
37358
30919
86395
60914
92319
42207
82246
4845
80555
25470
37371
6206
76223
35906
32716
86960
32391
18603
5949
23010
69801
72683
94076
35784
7233
83484
93935
91322
90698
33566
93196
28055
64484
79591
5320
73154
38149
87565
94350
35055
29387
31721
41260
5609
83978
73975
8920
16368
8930
31221
55729
95082
3903
66156
47217
11135
49639
41151
2456
40336
91068
95651
84743
71903
91593
90062
45057
29741
93979
55758
81148
23365
87478
22407
45325
71455
12734
54245
4175
38015
85465
76255
33096
5719
42411
80313
16853
92049
37815
35660
48737
45235
47662
33479
17137
39255
39892
62193
85347
33870
17951
66494
73586
21780
5253
18911
9587
17986
89507
30113
56000
91323
6367
5447
97041
48777
2111
30245
57178
56278
82256
5914
1512
29917
55744
18648
95635
97193
87222
45857
31495
53715
19442
53274
75319
54704
79212
93304
60562
9324
65655
51884
32043
87454
65276
80819
89564
95520
54348
45841
77775
76613
63704
24044
32356
82352
9566
44343
79544
90199
11038
66854
9640
80663
42172
64344
59875
51828
24905
85550
33834
93141
17592
21287
58416
14763
27203
70288
85462
89395
64414
62075
53099
4809
94430
51802
30727
38772
31345
27513
28970
58734
10718
54962
39396
69242
35657
15622
37421
76913
17524
71254
70053
51467
8893
44821
66229
52447
31460
68043
41841
12225
30117
11291
17034
40898
63092
47760
96022
10788
91624
41343
69521
2342
96304
25269
71583
31960
40890
9003
8873
74765
96608
95277
26232
21852
40097
8812
74298
87908
76854
32491
133
6970
43781
17166
47868
23225
64925
43889
34012
56548
85231
3533
75241
97887
28801
63175
46198
86042
72177
71422
60807
85137
66699
87038
6988
23147
95849
81286
11055
89055
30128
27539
96024
73908
44704
60243
13484
25980
4131
47496
82527
5714
67380
74120
19952
12532
37294
66149
98573
25823
53923
75731
10959
36973
79120
34298
76471
91321
31935
87525
80375
62062
31415
76398
52322
76118
36641
65805
2097
57123
13300
976
79188
80679
75095
15491
9562
28740
97992
8135
54562
51914
217
81872
88886
79337
16170
65356
87009
48104
69233
67383
10166
647
60132
62487
93117
44643
95213
86599
57943
12540
82138
54973
3986
97629
64535
32726
95620
89021
87287
63885
89237
69159
52770
84925
85328
34477
71933
49783
20061
55667
76300
37060
32151
38786
30176
61626
83429
41740
48224
57723
70632
30362
29047
74617
44342
9933
7342
56313
98953
94629
20197
4542
80139
89318
5818
81818
23794
94103
31600
60207
49769
7900
97266
98271
63037
43793
59897
62817
1884
24472
36891
72515
71185
65938
47132
15526
75870
54473
71838
91175
65453
92034
95716
45591
97703
1533
27408
21497
75360
98055
61756
83259
95320
76378
62647
55464
36274
25464
57347
77098
62354
29862
48282
93345
20513
47817
68349
11687
29622
76735
23754
74437
41638
18972
12285
37273
10683
10339
10293
22010
8109
72939
77473
60735
14754
51172
37832
77108
81033
2465
38102
90729
82624
58614
54897
50973
86652
84518
44059
10405
76082
18495
52043
11405
30780
5667
38439
41118
37398
48731
79480
45506
21669
56952
6240
52775
8123
44071
46234
62888
84335
12587
45511
42949
67484
12835
45952
52001
56357
44434
91740
24751
72190
22519
46769
10628
79988
84166
59358
59467
29671
97379
32771
52263
50153
57245
12685
96386
79104
75572
80720
91690
21083
40020
59173
50269
2324
27526
23514
58680
88311
15253
99782
60501
37771
46550
87480
34110
30715
46838
93577
76737
60568
42699
28999
27072
99943
58036
23457
79046
33607
20528
70736
71041
76900
46260
21310
79223
73785
44823
54254
62096
60075
70387
38948
14197
16936
26427
48306
64002
89616
58234
57090
50183
932
2441
77254
875
60476
17062
96272
94082
53942
83359
65123
47193
29619
2784
42767
19755
63958
97020
81850
40384
83758
37149
54580
693
63576
19237
81046
69543
93823
38135
36078
94754
56927
29683
11980
17402
46745
24604
11484
17038
7962
92958
64230
37580
95741
23348
57335
76050
36719
55536
16433
20476
92685
87364
37520
72612
22952
18565
42154
16774
73051
94583
29978
24266
39859
47379
71010
80814
75214
4399
88776
68171
84980
26355
80263
83689
56312
45045
55577
89096
65520
64613
76459
3039
37224
99411
37955
95729
32536
27357
90312
60415
73686
14577
16626
37417
1938
97439
12630
22688
86214
97153
7667
28921
93767
15993
28961
50079
61037
84537
55526
42908
49149
31985
62298
2724
47747
16604
14805
80282
43960
21468
57049
17646
36044
73674
71414
54333
87464
84043
77020
90030
97547
84686
18950
91314
17030
47910
57744
94418
48799
13269
53677
97947
61605
15974
17023
32577
31827
5985
92888
53294
63033
26885
5689
53058
98298
76373
40521
98693
53392
30550
96239
54429
65851
87810
13761
61647
98579
62559
74916
52255
76857
52872
68228
93879
62223
17156
42057
68207
10043
11702
47591
53280
33742
648
51577
10114
57520
79857
4422
62860
50637
70272
66763
38446
84032
44762
37024
62942
36029
89278
56151
88900
73857
66381
51122
7364
8438
35680
17407
36491
99622
70686
70233
16621
38614
96698
74141
5235
76555
78562
68094
27191
65185
51208
81989
65569
95969
35364
28510
31997
40994
1012
37249
31202
67393
88370
38566
92182
40402
72324
28672
40023
59361
15256
56644
97974
11954
47136
19560
88508
42049
87653
32050
55213
30390
72801
67533
82106
17663
15882
23099
18674
53130
70652
86066
57851
9217
78247
98252
81540
23271
54627
40900
38526
27622
55226
66831
91109
74785
55338
33157
78790
3740
40389
50354
34129
29542
17886
32586
47204
33767
55684
65877
86896
26336
68295
44747
51904
62893
59350
49796
86163
30328
7047
41041
57949
62272
7871
65409
53409
79561
98565
48550
99652
55306
98903
50132
84847
33140
82718
66907
54753
14278
70154
97440
98924
31252
49344
61817
90602
99139
20929
22537
21723
95230
84809
45946
60638
54569
25506
59203
19470
25157
30860
18372
75288
15706
67863
74357
64107
34769
29110
94736
21275
26549
93660
52526
75892
71828
43127
91382
36158
80408
13919
57881
75637
15079
3826
52626
85999
45683
28180
5468
87191
59039
40191
78830
74744
8053
53187
55202
59174
82296
66290
25196
59949
32973
17440
92452
8821
84285
72859
39091
64847
70521
17472
56519
40728
45652
78338
27918
4690
18528
6748
95786
26581
76286
67339
2106
58581
33628
82553
83776
9928
31877
1215
58055
24328
26388
58692
13538
81830
17208
52351
12254
12208
25221
52981
57859
3559
80899
78900
22086
3998
91037
65018
80283
58376
67123
55215
8355
66027
55342
18283
97904
72909
92689
38583
99296
68473
97477
84940
63208
66179
91767
66525
65977
94958
47423
44877
33395
67772
35913
14765
64406
10640
98239
19620
18995
64266
74962
53629
78521
47870
46317
33455
63517
97697
18279
60993
82636
81487
27172
96180
89605
34923
62704
55582
46232
26479
458
95978
94250
52722
10742
75008
79714
8981
94627
15060
89598
85940
68688
84470
50161
15004
34276
13677
29052
52555
91022
50393
34545
7866
39997
69467
86922
95578
15698
13400
12387
11675
24001
81461
38769
99008
77526
64101
93635
92585
70050
95926
61272
54519
46087
92627
88794
59763
21679
57700
67136
49717
8092
1680
57583
64441
87498
60856
60018
19547
74255
88757
47574
98255
86569
86342
13615
64094
66794
7249
73030
36843
19526
34301
7713
65612
43279
12858
41727
64957
70558
8862
14674
95001
26894
88608
59441
14391
49463
35811
33938
40069
40919
81511
38323
27487
84204
51937
7932
50997
75537
80961
4191
95063
31613
28255
77026
74891
41112
18752
56200
28021
43966
70873
23022
70859
75832
98814
1601
34624
51890
65362
91894
33400
20036
19380
88325
43663
1303
80213
40975
5493
75275
72587
33747
68653
63830
91211
87404
20029
19231
47721
7253
58604
18579
83084
57418
36532
8377
8393
88421
90090
287
38173
10125
36018
72127
14801
96033
73430
95014
37007
95274
86640
9594
45373
55292
89775
36583
59048
9803
55813
6768
17055
30769
41699
138
88186
78230
24866
12930
66650
14955
21174
41431
81938
93301
56232
77970
83082
67597
14976
94707
54236
40921
40079
9528
30695
76661
68575
56849
48826
91694
73903
95946
33392
90392
483
11621
15257
13412
94623
46563
59332
15796
4346
41269
25448
76929
19238
24881
44525
50565
19588
98760
7838
76018
24639
38532
69031
9565
95381
34208
1259
85635
30153
34650
76027
30635
62623
91283
44046
73597
54198
3377
5744
58543
60997
47544
35471
80234
79995
47151
24715
95106
54988
733
19745
9871
69763
29309
5251
3970
46919
90886
50474
97921
83264
81108
60543
74546
41505
50491
45095
61234
72586
3637
22230
20129
55459
18816
8905
51805
65966
33619
46911
37305
50703
83007
47175
36817
12315
52426
40786
75586
59663
7611
73506
42926
88718
34048
33823
30223
890
78918
7808
73475
98906
30037
93604
70717
65204
18860
22521
47521
68830
85783
84825
19533
68789
32000
56349
97456
777
13487
73041
76791
21097
46546
26167
96945
69890
72741
97834
65159
80548
87660
80417
26936
97615
51133
92140
16474
73653
39660
85304
59436
24485
21188
44576
72836
77536
42031
89964
7374
31423
66754
28471
77968
2821
54637
91264
89062
43729
5449
70573
24276
93109
50989
51211
90723
2121
59702
23549
92125
99362
25204
67912
40198
62743
12488
29385
40278
70870
19348
64004
2293
86101
92474
80260
5273
63462
87876
10686
7190
93324
81258
32246
15379
9859
34366
75081
33407
42843
90794
10754
47343
37704
23241
94333
94111
96074
58336
12755
98526
67161
9366
20150
46974
97241
30835
70515
90565
12093
18331
9700
44338
50062
19558
95056
25142
52964
54250
15935
44277
65003
63277
81980
4596
56355
92665
15058
68780
51000
27812
67305
34513
37177
3806
81486
50770
34640
57686
63084
86683
67385
23774
36744
86943
18829
78237
73078
94171
535
54432
73799
98866
59027
46505
91530
74084
15284
58882
18247
82588
9746
71776
2745
91231
22545
37385
59583
80230
468
62618
47614
40593
99361
34556
59421
77598
90814
48850
88120
91348
19634
78271
90213
78660
24775
98095
69096
40059
73328
3694
38998
83073
75469
41743
74303
98013
95479
50238
78242
12298
12855
25856
52891
28567
60411
28663
6164
67576
93865
10636
58923
13498
88906
65488
8509
30032
79934
93956
86442
53261
97650
25440
36333
73118
83534
26987
71131
79012
93576
65724
91309
6430
7931
44199
34997
84694
89214
57512
52269
83078
68147
27544
96575
73404
9383
5083
19788
89316
99039
6229
42576
96688
31668
95260
86157
15201
38598
73639
10564
32174
39363
1873
54955
63645
62423
6303
48338
51636
63815
607
34713
48313
47639
38069
37532
57856
43199
68112
80436
2126
81151
12104
13737
67307
43656
52334
40946
70572
859
96660
88796
55814
60304
51218
62116
24994
19206
42282
25600
70270
6947
70101
17909
45015
23984
70630
19222
67182
55093
99657
69307
36243
28112
83043
3549
51728
60846
58691
52587
47486
24752
50513
15055
3219
75506
45501
17457
20882
68799
87557
55142
13813
27892
42123
49386
97215
65394
80731
33457
9858
80125
37005
14329
48204
14203
73019
17142
4411
36856
41893
54923
68262
45112
46780
18874
6964
64236
56107
75762
68144
11248
5926
96035
53370
71663
7459
50584
37056
4541
84040
63265
1017
77593
49221
67950
50611
66362
72361
3818
24607
27283
72080
69718
7305
93033
54650
63411
68794
22794
74658
91071
35180
28027
62733
42639
94962
16140
63531
95353
79405
64548
32748
56997
30120
698
23960
96481
73058
44129
21087
16692
32560
7156
7106
39864
188
3274
85333
901
94283
76403
36080
38661
55487
95070
33622
87979
58601
45326
39500
78074
40731
69619
95123
81042
82451
84532
25171
19890
1223
74082
27045
24681
13946
43585
86436
33571
45269
3688
44206
38024
56119
82866
93510
51189
32840
81488
26141
78165
65222
81992
72590
22305
51610
84064
3346
50412
68595
44868
70301
86170
97346
10850
49247
57282
13637
82817
2550
17324
27022
40573
73442
26240
34083
40982
75431
31922
83474
53595
97144
65465
42537
19448
33426
26600
39145
83838
95195
84013
54138
97716
19314
51483
8565
68560
8764
38553
67728
27666
55876
11102
68238
45669
53693
2320
86651
29123
50594
70124
99069
64089
51941
41605
99888
85366
68205
39032
69203
79751
39693
77466
75061
7527
2382
43620
40934
27700
60308
13161
38801
28545
58829
8845
61831
37967
97810
31955
37035
61898
247
94992
61785
85612
79548
17168
71167
59298
72916
10859
53115
47976
18385
71848
7948
51027
12781
35647
11334
42293
90799
39879
1121
99643
87095
62952
53961
1256
11258
7347
79505
11504
2338
57641
13467
81885
74808
985
57534
64075
11843
27000
12051
46580
98847
19998
13958
27979
71996
25292
70271
79146
81522
87744
84968
67047
49100
86223
56446
65727
6159
58784
23367
35977
57020
36962
14554
78601
65156
41553
90651
28087
56752
42045
1082
15347
67336
87705
94492
65209
75448
89631
50176
42494
55082
52750
11527
18476
59659
86662
58194
11987
60034
89071
65300
74587
67671
30456
74673
58542
5594
18024
16938
6676
33370
625
94380
44213
65833
86179
50195
32360
5276
85109
82172
33155
19936
41830
36168
78129
53816
96201
67200
19116
70787
51222
65923
19630
25895
40816
41575
43918
57754
48250
93640
74730
58981
37852
40563
45159
88047
72922
90182
93322
58031
72353
42828
77966
30534
78996
72447
75196
55998
36169
62335
23571
18443
98316
49465
59258
39890
9735
33363
4492
3374
8093
63472
41225
65007
8631
29271
37928
15164
38945
12310
87517
81772
6628
77119
95426
35103
52315
51423
71271
31001
91345
6065
29316
40810
65323
69205
50544
15037
90048
70269
39481
53520
11493
4487
78502
57116
58767
93665
12412
87428
97533
10535
94055
87654
89480
83389
56320
57254
71012
87320
48599
77076
32987
5760
58750
18543
72655
73787
8591
42923
78462
70767
50458
56963
27882
9224
50627
56645
96651
64512
7058
96446
54833
96537
79834
27504
70143
50845
31175
35093
27921
80513
40852
86670
99055
13506
76808
23997
72780
6427
2458
43546
73236
59420
87780
82459
26399
44424
90910
27955
2518
3707
15407
83540
26642
1901
50737
57816
36993
95009
54680
94196
98030
53735
24053
74838
94083
96832
97616
96541
56729
70851
72312
60860
69661
15062
5284
81473
5971
33238
343
26029
32377
15749
9569
75370
34001
76657
49538
87345
71665
69694
57951
21944
60883
68386
35127
74850
64926
91855
62052
53589
52715
48064
68651
74350
29537
90973
23939
29879
17002
72667
61979
42922
48037
12331
35930
97574
99675
7594
1790
97566
93639
76093
19509
70874
44478
54635
25755
62841
24127
95695
64345
22608
1726
71670
46547
47956
88671
19213
26286
47944
83601
38616
83873
81174
38290
7818
99316
35855
17808
91760
71715
88681
52589
42701
50756
94695
5542
91234
90389
53800
63423
71086
76408
81501
42755
39306
45808
47777
58518
72094
12072
42119
10709
95944
39644
48999
20113
55311
1205
37920
47070
72920
42953
99658
31972
10060
10704
53865
1293
1093
7665
81067
88530
424
78919
31284
39729
24727
95412
14598
96820
7483
73068
7528
19778
29064
72878
84374
90435
94161
31444
79706
53465
47453
11677
63524
74509
65542
81168
75601
89558
62235
64130
57505
11765
46061
82231
23528
60658
79050
47362
33726
2930
83491
62789
92159
39732
63514
82593
50244
11309
3709
75114
90327
67232
49622
72220
48400
25222
61777
26986
5703
51757
84490
33819
97817
73698
74826
62122
37411
24903
81403
20901
4043
73562
76984
67557
72506
27227
78865
51156
30935
70330
41482
98167
19951
13701
62918
61524
75477
6255
83578
7096
33748
57753
90168
7445
48930
68642
44855
73833
66396
82107
77875
39957
59090
61783
28815
86317
57000
79970
17251
27329
21451
31769
63632
35151
25155
26979
17292
8733
86915
40740
42480
61019
47259
66277
9948
32252
11131
83780
98648
9590
78007
54956
56141
83770
71347
29492
63739
4950
73173
85189
53070
36804
36691
64108
61958
80021
97751
87042
83287
54842
29522
44305
2101
95798
54253
34352
54384
49351
48742
4307
34252
4883
88076
21950
50726
68167
43251
23898
69707
96321
60701
22750
76780
22659
2770
90882
86057
45724
55573
30361
64176
67722
965
14879
91002
55349
56574
20442
84888
90825
41676
89315
12775
92402
57481
56025
16299
27188
68697
77000
49937
45476
16010
69058
52710
42061
71466
98433
97634
1827
78960
81707
19143
93838
89060
90843
74419
45634
11285
59306
36458
52960
64973
65584
45361
22453
37961
78012
65992
6657
55011
32280
68485
87372
17690
21194
29432
89155
35978
43417
7333
31289
25124
26476
41478
14183
17318
15897
59816
28602
91554
97914
56526
94561
43274
95331
32521
21285
77674
55530
92647
9954
40366
80018
43995
77911
25802
33149
30240
85570
40482
61528
10693
66957
3005
41228
626
35253
17395
45580
43159
46372
43493
99684
40933
3118
11366
89805
24403
89040
33401
15345
18403
29771
96313
55572
8839
42904
41141
49320
20783
68186
32628
23788
9413
33254
75392
95185
18550
89531
38677
34586
46815
41794
45951
36619
82548
51342
14657
32301
33059
62071
42376
33994
51215
88627
75134
16886
25762
59671
49514
65901
85435
99119
41292
28594
94303
76194
18124
49331
10779
81290
7476
73081
34260
6376
24423
48916
38676
7460
98327
746
49836
44050
34739
49028
26224
34287
74789
85895
152
40689
71329
98333
16274
26276
74526
50749
75606
32038
99434
74736
66298
5809
99158
15213
44484
6618
29891
45229
72805
90292
96319
6558
39320
22542
57196
30460
24788
57348
87501
96117
89321
2185
12390
15597
93062
63139
7554
94717
11528
6987
69452
77825
12795
68610
9390
57278
91579
39280
18858
80735
29572
31528
87292
85243
54070
44487
32054
78857
18186
91325
7507
38090
20067
39455
31151
99557
47008
25867
11084
53995
95319
5261
83141
80280
14650
56771
71858
53929
75628
68944
83500
56235
68742
77577
17073
17148
72785
51611
53053
80462
59117
91143
16880
98571
38645
32788
61930
80864
43871
15924
76182
49131
99065
72813
80132
55835
44670
34061
47814
29965
33912
71321
86199
19006
65249
19623
36153
38034
71233
89205
46701
96699
51726
61623
35344
84513
23553
32559
44735
55828
8740
10218
71244
90349
27078
42573
40761
91244
72537
78916
75087
10030
44165
94709
46182
82294
51738
49748
28994
48437
1473
90617
132
2337
30521
32690
86348
57781
73640
57592
80341
1021
14608
37453
92264
3496
28477
87532
94934
38506
31696
5994
84687
46597
88287
96344
33633
17565
14168
24249
17696
16504
54769
66737
96278
41116
40869
69918
15059
12904
66610
16080
43863
4062
24695
63710
32539
58643
87396
60273
80988
72083
23221
69275
41211
19564
2907
58775
50083
43507
92822
14627
75910
79216
16778
65485
87153
46033
32094
3232
89895
52507
44278
69956
1397
72856
28598
88793
49480
9585
77227
72701
95211
18437
8616
14469
77211
58699
57975
86384
41636
72601
62293
37203
44695
95422
2687
31847
41454
51132
51430
47700
19991
95707
17655
21387
84914
10179
34394
88540
3757
7094
83751
22193
15709
14571
15755
72546
2138
32395
45146
64430
69597
6192
59851
88636
54390
17656
39767
5819
76109
17878
97496
2791
78316
24026
53536
66856
27783
60629
66958
66327
92690
81528
98434
83448
70425
571
32194
31923
81353
18143
38114
57555
6778
92504
91563
62896
73269
39005
32551
88982
36500
51694
67297
76877
5229
50504
21011
82210
33813
87338
74899
31693
85771
74698
2117
2693
6892
34039
397
25034
57952
31811
81008
11058
95681
39134
28115
2913
12629
11764
96142
17857
62267
17152
16418
12432
20841
91316
22963
66014
62592
25656
89257
12983
26052
14290
1487
355
62452
98846
49868
73509
10878
89002
39923
55461
33468
59187
68089
45231
55328
2298
23850
72480
18715
52633
93320
26383
13108
16283
8748
75699
58290
98004
5033
28645
22871
1048
7448
21716
67267
80956
32594
72620
37230
4406
6088
96417
88847
51318
51744
7496
91519
40575
42562
44151
50247
82881
94043
49309
41170
8398
54341
58214
37042
77212
59261
44489
15279
26528
41797
64224
99147
79026
68630
21586
73828
89256
43538
97675
80774
464
40236
24925
50710
25532
98534
33590
19574
47842
91111
27972
2183
81365
79394
8585
42206
11024
51464
354
75248
66963
95731
60229
34056
94155
47414
31730
74929
47877
88317
16205
14939
13848
14738
64880
33422
62580
55991
77745
64762
5315
75461
60507
30251
34018
87882
98067
34371
63129
81381
30102
23357
86280
33978
73764
80435
97743
21845
61971
10162
87919
76909
24009
19008
41789
73782
81587
14131
67878
62700
19445
43339
39558
66047
93708
27440
80465
28079
6920
61845
74532
30277
64477
24861
4040
44911
22603
42237
32977
925
52398
20895
77834
92758
39902
35974
66540
37841
50104
34417
16892
85900
94107
56450
68298
4167
241
48763
48597
7160
26959
39480
37436
91435
64340
57828
52697
3294
16416
85673
20570
68813
22919
14755
61570
62821
50728
44461
17013
17183
33904
19434
5688
6705
4084
9854
6945
52846
58450
14105
96156
14281
67892
87591
78620
42071
56639
98265
58486
42312
18835
43650
65230
49941
21572
44402
669
66032
61414
34203
61261
11670
69989
18374
74072
93154
25319
43269
67956
55775
39424
82236
40018
43366
82089
5
91824
56926
58668
27010
576
23897
76951
22147
68299
93971
4530
46064
82143
57733
14513
65443
76107
