87132
3990
64667
18041
92832
97264
6827
51025
16251
45678
54694
36911
54676
89093
13716
2841
58147
20604
97049
3311
31789
90457
41215
77281
64240
49777
82773
85792
14914
79504
87729
2045
83493
52395
20085
92677
66011
43263
43701
98613
88941
98395
35523
43616
3839
65591
46456
78337
2546
59857
81648
34335
66665
22862
11615
30905
88990
10739
16696
3903
90242
20776
22299
90087
73171
42384
82763
55533
1998
42815
54145
90938
57561
89667
50906
61399
71609
13713
39736
74155
89921
37735
24841
56586
76948
52807
87490
82289
63546
20537
2543
70139
41313
76577
30835
83576
59339
86367
85574
18506
40511
92863
92418
46529
60120
53817
18138
90185
9904
92292
80105
63990
33484
36690
40937
86290
24179
23225
49835
61068
25767
36326
18732
66959
12902
49566
50535
88593
35932
52460
7098
92794
45322
99515
39322
21794
69683
73811
11978
95938
82454
92082
76279
15937
28772
17215
2227
69302
56791
68413
30369
98909
4738
49100
65868
17640
98665
16402
22584
50948
85213
29681
43741
30534
45547
99415
52327
31582
73225
64304
43871
55679
72738
20150
71615
1509
53716
90193
70810
10507
58606
17531
9415
79695
66630
91634
13686
81647
24387
36269
48946
9599
82301
92687
40133
27848
92101
8811
75781
81677
89467
19651
37355
62204
56152
25322
80064
9868
31866
50873
36726
6823
68403
46140
86518
51385
37774
16555
49383
62160
52824
98328
88111
35124
7366
28243
79323
15818
53405
71455
97495
59223
91106
51201
37778
63609
92874
17841
73476
24740
85066
10201
47914
69820
72693
50783
21204
26818
67338
86938
5329
20161
85266
93439
71636
8983
38033
67311
24801
7790
38765
38647
67012
46222
6199
4790
9831
99073
38982
83306
40164
24047
9859
4429
93867
98903
55212
31422
25720
22549
18360
47400
59061
19977
40839
47048
28959
78871
14358
70111
3012
53123
25109
70024
99344
31308
91165
25526
46732
46498
25184
86895
70545
35042
7675
80763
33944
62886
12184
76015
1786
30543
23414
77198
66871
80604
24246
95830
75827
54955
82292
78838
24429
7401
48861
40125
38708
56377
65650
85439
2875
90833
88685
89771
42226
96359
70533
92521
75597
82716
68535
77382
29611
8301
54580
96481
5256
95177
8662
81082
50131
90954
59920
74560
14706
25132
14684
69765
81509
96685
71555
735
87518
60239
90505
29743
72949
61037
22264
64897
60104
7150
42279
89714
31802
13210
2547
37058
8386
11208
18139
74868
18513
78058
65779
49570
19542
80462
19334
17402
77147
90888
18136
81016
67478
24992
27110
56779
2380
49373
21675
62483
72875
80305
68549
4676
93514
87447
58085
18251
15006
76224
93119
33519
70633
58897
83088
6526
55711
18774
23927
49209
9661
58414
30224
77139
83405
57333
50269
2136
23058
71943
80971
12284
52248
65871
33311
62113
53317
91396
80364
68322
83971
89834
18192
54603
65082
17632
77481
20792
36405
1407
86352
62417
59821
32927
55907
59577
90260
6175
61713
29669
94470
42683
58304
46717
24905
91614
25181
78221
83009
5544
46542
66979
11729
81086
37934
76811
98717
15414
13954
51473
33172
306
13889
9344
33232
69796
68921
39843
92322
46985
85863
86791
6019
44166
49859
30923
35780
75040
9143
18788
96935
72036
2119
8664
69473
56404
1826
84541
88169
15779
36013
21340
16084
66254
47036
65668
36049
15956
5510
44722
79292
91373
31513
85310
35538
81371
32584
71317
56410
58078
6457
53345
46465
24927
78360
15938
97682
80185
478
85850
12315
52843
23541
28399
19096
70576
94066
71496
2883
15927
16217
98526
7299
47729
187
59189
45452
32770
46857
18213
7199
53313
87909
53664
94591
66268
85953
92272
62804
2782
78121
75119
55624
18014
19869
91071
88589
13934
62566
7824
46212
95135
6349
69863
59215
6536
29051
4666
55657
75907
22879
62856
45572
10787
32871
40162
93407
18823
32434
56210
37956
26906
31328
9932
61271
67548
1002
49860
97833
79920
74035
44045
75054
96735
13907
34268
19622
42957
55286
75279
35215
94516
54486
80786
21654
87356
37300
15060
22530
86085
87622
60485
29342
35301
70416
90613
2849
87770
56824
681
67689
30858
44725
59094
43944
58631
9713
63566
17939
64998
38844
69506
59513
9681
50291
81167
13388
3942
12578
35917
90026
199
12753
19368
35500
99521
9980
38348
87290
83155
39028
71330
14012
105
30423
57955
75087
40135
37872
9378
5133
93067
78883
80997
2747
45525
78515
16134
49467
91093
68402
55844
7643
97507
75211
43142
97027
1542
81489
668
84696
36869
71997
15059
36973
2419
89366
12059
58905
27237
21436
80389
20304
16670
61386
39402
62195
56252
55536
11661
47344
40289
67504
71339
37795
59067
14480
51173
76960
12321
51840
78008
49189
40188
93066
2513
58958
98783
17863
42372
52359
98251
62675
69028
75988
18428
47574
32240
73963
59234
95935
30604
43090
67273
84750
2156
81753
35923
95467
10425
4114
73474
59613
44302
82892
62125
19611
81674
93047
37473
24045
61757
52076
3071
47137
28063
21499
94710
76654
11813
70296
72589
42416
13385
56213
27166
31892
54317
79440
43710
64741
83553
17184
24353
44206
75
2829
63817
81748
12228
1289
22145
90336
69716
25215
37472
97779
46713
48534
74432
74878
18829
63372
17293
48565
19585
60810
96808
73901
40249
40517
54994
40154
57700
79346
84359
74126
98527
48175
55874
10754
65816
94370
1089
35531
19584
54913
49661
82649
3446
40445
57526
38626
20168
91170
3542
56104
51980
349
46357
8580
57217
1350
48733
31269
97047
33092
5394
95573
97618
77619
22678
63433
71988
40119
15316
7924
95031
81328
90572
14828
38124
48097
69805
58292
39266
73346
14395
7597
73694
60751
16177
47262
62100
64909
78530
75499
14352
83924
71071
11970
77894
10101
91754
49882
50219
23421
57805
61601
4749
64728
76428
42872
29176
46232
17515
84793
35929
31910
92390
25974
9012
8566
73235
87464
89826
51765
62962
4178
52040
34032
16147
29933
60484
24252
96166
10702
47673
70322
72302
52421
35049
65081
11644
64224
27664
29159
49017
63592
41406
89565
70079
66323
62800
57542
56148
30916
36855
76677
99307
87239
92823
29239
47722
33427
41757
58424
81099
12078
47077
47127
12158
45162
11350
56173
90672
76718
19765
51739
18123
25681
38170
797
4832
12063
73297
35747
48918
49973
51405
36156
59148
80644
83877
92574
38752
58652
73672
50829
5729
23542
97955
34238
85055
25657
6762
75727
2374
26526
27465
36849
68559
81986
53997
73390
10401
27293
25489
75670
93618
76893
11825
52765
73888
12053
61690
12639
87057
35361
63468
9137
75254
77774
59726
60308
19782
66487
36034
38508
9365
79851
91708
77923
78188
45704
51312
88588
89349
76800
64257
82966
70045
92433
52082
43932
20838
13771
56571
7894
65483
36390
17030
40736
30515
93107
1043
50297
59593
53429
88804
68957
33279
80511
46879
11466
42566
14543
54
48266
91342
80662
31231
77738
89447
99664
21670
10284
13434
94592
34529
95268
30981
67910
36003
77847
61016
53398
28143
20608
6826
33298
56456
30160
36443
67921
72726
67337
84326
37343
58679
81340
68574
52768
70786
68237
74437
81069
98023
15597
93290
16360
83506
45645
94207
60873
99042
38701
81480
22219
71999
71044
78674
2158
23839
62946
91235
91175
63624
28578
66205
44963
13503
18973
15748
98091
9761
13168
12465
95141
45116
5755
27852
44973
67751
38410
5845
66792
77111
87324
5362
65461
74720
84035
83970
14910
63332
91557
22436
26955
20134
4993
71917
49988
40317
4016
48078
50077
17183
60543
61569
62298
89421
23622
50399
44182
29466
33542
37644
33142
55255
3104
7861
55641
3426
39122
18972
94982
61557
45927
31467
66549
34195
81454
6865
38211
45883
73294
71745
22777
34862
50395
21777
40634
74016
88527
1168
3482
38420
38811
36623
93674
58267
60835
49314
61692
16308
68286
56673
77864
30564
4491
60765
64758
85944
83981
19320
48178
57274
91065
87307
8488
41459
9083
65473
15474
13962
66640
35307
52381
21803
88281
46055
80069
65467
11720
41760
81774
96357
14784
75990
43272
19274
36754
24382
21569
20734
69746
94360
51117
73404
19199
92575
82487
1023
24401
12800
67663
76059
65180
89465
80692
27586
85885
46158
39306
27644
44284
52014
42427
20273
95286
78052
73378
19667
99620
10463
63367
69365
4822
30836
42769
40372
39762
41607
41395
64162
54406
9057
56573
35937
14873
37264
63523
757
99773
19180
44752
60408
71193
3530
80680
66478
81581
54057
2496
81200
80872
82215
66916
85693
13050
26036
26065
52811
67642
67459
33325
38399
92867
89897
90688
24091
43512
54210
41199
59636
73389
85950
20044
60933
89479
17075
43763
71059
87484
46258
52258
68355
28472
19173
70399
57873
61561
12815
10684
29202
80273
60360
83953
89491
66608
74640
13581
26471
45201
71131
86106
34941
57080
22501
95873
46558
55928
55987
33968
43411
2245
86225
28117
47068
21750
98515
21293
83310
11330
48328
28863
7954
8687
29167
97445
75294
20158
27377
1764
81710
98508
4221
16650
71939
26722
28875
18497
84861
68816
42411
3457
71393
70527
66877
93142
69041
92803
96722
36496
38017
45182
83536
18472
36827
3693
62200
54942
85403
77059
59162
18404
48998
2235
47278
83846
1235
32139
52661
43645
51947
24053
30523
33546
15916
6991
42700
12637
43486
97069
33664
5019
52135
41845
648
30687
13138
2402
7745
72300
20806
73094
74534
84435
56939
92121
16573
25952
35765
68520
66356
82640
3694
16254
98555
10685
58953
27543
70522
72373
61207
75541
52976
29693
33737
69976
60379
46875
72377
84476
35526
9534
57569
26411
93969
30860
18531
26893
56811
70648
11764
23166
53287
15458
55771
68193
42494
14724
95735
13015
3448
73293
88555
56424
2986
38644
42751
79716
85518
31479
64191
21043
41013
38112
47453
51333
68971
65984
94577
42133
52983
22693
81650
6269
38150
37421
74461
80643
68496
86547
93657
59840
98564
44718
79177
37207
87468
58892
39076
18947
39435
60118
76311
93898
23922
43995
62868
6257
38571
21352
59239
61263
3001
81859
15764
56773
72671
12758
25268
59218
22767
97211
35409
37682
41928
14585
74888
45748
13963
64694
29262
90432
57356
23159
30705
2378
36962
56272
40081
12552
33887
43082
94411
66002
99854
67081
78760
41474
26298
17878
38684
61706
55559
96963
92642
46798
42710
82470
77112
23755
11731
67543
97462
51242
14599
15163
69971
51560
71435
10052
64112
21673
53133
58522
87674
69338
41954
82785
10811
84604
662
65846
62661
56220
79161
55303
19369
21870
37772
96480
61977
65854
80374
59438
17095
94973
90953
87066
62884
62387
97117
26995
411
66601
1868
88084
52290
60174
70869
79453
44777
87882
45298
7437
60454
24458
62739
79822
62680
16862
92654
41008
73027
16797
99810
67999
7749
3227
47235
86487
343
90581
86897
83295
8801
74981
35585
68974
62201
15037
13750
66434
76686
37538
26887
1144
16629
6709
80175
33490
99362
21182
32557
88740
54330
48719
73091
62079
51945
20325
68640
10905
35462
51934
19705
26794
88678
5346
18906
18779
71779
95592
72669
98666
13087
5649
21726
93261
39138
37439
30794
88047
42530
85123
36765
15620
63553
88709
52296
12118
57348
63201
63931
25634
99257
90724
13151
4287
12421
48409
39417
84199
44000
12085
99216
57086
17733
37293
66698
73223
74731
13843
61269
17261
15317
14385
49232
78870
3093
1528
7339
76793
81080
71269
2426
80336
78344
31928
84622
90764
24039
74962
40687
52475
90530
97772
70208
27822
80821
59782
18905
94663
21050
52517
26332
35434
1748
21553
54878
3275
28891
48022
84354
159
50447
81042
94854
98727
65663
85617
79062
6053
76930
19749
58528
33872
45087
95281
31045
4868
30537
42059
42269
83053
68390
94054
84800
89942
48931
4427
18832
96953
5132
35342
63751
86173
30195
62477
68188
32163
57891
74240
9093
93991
49119
92903
44214
94205
4535
75258
99072
35071
17317
57692
2058
51745
19275
92000
17028
23701
27183
30332
28832
78877
10434
31357
25423
89263
99544
57586
47153
90135
83030
57495
39254
75932
18060
49810
96819
93318
65234
31889
26986
22925
66364
29043
74670
85638
37394
8049
9338
80929
38380
54521
59805
65165
2229
85227
54427
1772
59164
17931
8259
58545
75425
47512
93485
13673
47647
3154
78906
95887
46491
1831
62250
75533
92852
47887
29279
900
73576
10207
55631
44449
70011
20795
46677
71589
91574
64801
47105
9504
73059
84929
36922
56477
94765
50594
20475
14270
29500
16362
47682
78611
68996
40533
42850
98274
57784
16425
8480
29766
94842
66912
23902
82783
58485
88702
29887
67989
61760
51887
69269
15033
24716
80385
65626
45190
11006
11477
61551
88117
59158
73464
16042
83011
71738
73825
15787
96569
19942
93012
7763
3206
16913
90545
21966
36783
46030
83725
88669
31650
15109
13384
28386
80734
58574
55743
92211
20124
60211
67720
76637
33675
83762
75999
5412
73938
8138
1980
93880
17501
9742
13437
34413
16638
75126
56378
53420
37508
56454
58441
85509
71562
88176
13895
68647
46749
69637
77209
83225
29848
44929
76213
63522
45042
68564
85285
18979
76701
3616
29210
94201
29710
42646
44965
46347
34124
17694
16119
71631
90499
74559
57139
78412
62734
87385
47058
25835
73374
24267
25411
3221
85547
1623
83094
30588
86538
84730
65918
79590
88345
95128
73790
34406
54125
35106
80753
88248
52799
13223
76230
59649
4133
49721
38060
83218
37105
85118
9052
10478
25736
50814
30050
11282
68789
29495
58221
55326
14224
24138
34916
18921
19265
25057
53326
89742
60163
50430
94341
29313
80004
86923
88962
84136
36643
43373
67354
90099
28490
92757
16929
54225
43571
63330
81858
12359
92825
40078
84036
23400
64216
18951
58672
99832
44008
28350
5925
20522
95131
266
66186
75135
87188
71499
59270
40182
14872
26623
30280
59713
19380
63560
13938
79302
26890
12147
91660
36066
52225
75695
75817
32792
10998
34489
48975
71357
79190
54900
8230
74320
55165
74415
49454
58704
62266
25076
98885
77137
68050
29164
87429
92724
67138
83082
35965
79285
72030
47861
83140
47846
97004
94137
98686
45978
81845
77875
877
90074
68547
72393
80840
18000
31096
43105
59427
29980
20241
27477
59144
73442
14905
68219
40579
14339
4183
36215
5431
76212
427
88570
40409
97430
99058
39095
43408
97254
33321
60636
87327
1867
33029
84519
36219
64124
27623
95645
94104
23121
69599
37657
54378
54169
94587
68716
74703
47154
90498
67266
47580
95420
7674
61362
94477
63120
21121
8083
96441
81756
95409
14659
31136
79927
50877
95260
46522
5715
69642
91665
42125
24019
45833
36711
9086
36887
83864
99584
4152
47796
95003
28177
9157
5831
91297
30277
13913
4089
12032
25674
18747
43168
21952
69624
54779
45853
16145
60493
50321
2138
52157
92445
42509
14341
45508
51594
51227
29371
51177
71730
77166
62531
99906
86322
84714
91202
32950
98626
95290
44982
40651
14037
4501
62603
12
59279
24807
16156
36123
75128
18293
4631
77153
35323
29431
28747
2901
58802
96275
74630
52319
58806
74535
54993
59871
82089
87942
58496
93730
49275
15499
7766
53775
78101
24129
29405
2907
40284
81879
94386
74929
86509
78310
52081
38183
7740
97179
41083
82893
93454
15712
35212
68611
6599
6556
28481
88687
94497
3328
82416
43772
18826
6534
13898
13278
30662
59655
32537
87298
41533
26922
78578
28042
21583
47010
82576
45675
44189
23659
28567
53994
55722
80130
22604
62320
3037
67436
67358
97534
70763
66126
57657
5941
72659
87906
19218
19672
47560
68106
23321
11380
1898
33486
32962
65260
16061
94988
9448
39719
23555
63441
95441
20036
2396
57760
23073
69831
41470
36958
56945
7595
10966
62885
96605
98871
98455
16276
46431
66560
55949
77939
74198
69008
27253
39457
1420
22240
48904
41139
62146
28696
52931
98534
31091
27042
21606
921
68511
74915
74218
76105
85880
37102
72709
51908
5337
47532
34820
61285
83054
51834
56362
91291
86185
94954
40194
27323
57099
85242
55632
16332
23646
93589
33605
8509
84855
7822
84613
87086
61275
73674
88188
29535
95362
35719
64354
72998
35125
93463
24831
19889
49825
16121
6073
44778
72667
49747
18228
57908
46351
90212
90591
86349
152
24195
94857
85007
48368
79469
88444
25995
69494
76631
55529
64855
12350
19882
37852
63826
13344
62683
83714
79520
78803
6139
40649
67821
55885
58877
25728
2236
65440
16319
88584
56865
83440
66949
21585
79260
55393
47579
65106
32023
19459
29960
60724
39340
84164
24549
69035
63198
24615
48555
42000
30753
5555
26173
86637
64431
51900
5224
84570
10159
41435
9950
95113
63019
89210
50505
26949
54315
98880
46407
626
59603
2098
1141
504
71132
64338
25118
36038
22690
55870
41593
48862
58858
22375
761
64082
68597
85331
96761
43117
84190
91873
22487
89751
58730
49435
60417
57609
12193
77394
33563
30642
78535
50418
18125
75535
54163
65561
47756
12107
14422
22966
50833
31535
3399
35781
16865
93990
32541
76333
78179
40766
98819
84281
99495
64605
61049
73455
76797
54795
23369
23790
33329
73787
41914
92552
65673
12428
74465
29781
24534
88886
52746
91719
20420
56144
27499
53636
50133
76392
46320
44664
17157
45138
45296
33003
26094
6345
22809
19242
61139
46177
43031
10819
19963
84945
3370
85636
97372
77834
15416
38258
83072
84513
29976
19843
40656
73826
89831
90788
66569
36150
51803
77
97640
97099
33079
23733
19795
55887
42975
97285
18416
86005
8103
38378
87301
27824
40365
84673
22010
72132
39282
21433
56644
85609
57627
13651
59434
47457
20791
26003
99959
72593
26079
13950
86043
75510
5837
47748
97008
3121
66163
99365
27575
20893
86665
71751
61257
71337
93760
49741
10618
31544
22736
89170
36387
72012
52979
57177
14366
52937
46121
56796
66886
32164
48657
20919
38000
96405
17927
57473
62567
17291
1399
99811
20307
73149
77420
91644
83260
27160
18613
14803
49895
31191
3973
2633
19554
73303
59809
50271
42591
5930
7066
25828
54445
72075
46746
8796
68479
81024
47397
14666
67667
47208
34973
57167
40979
42968
40427
68138
77932
55229
34384
25474
75553
37017
45027
65207
13177
11649
7797
35458
35067
33624
89902
7141
15050
75619
77745
81317
39367
8763
65335
2926
60087
22502
43904
19406
62928
28393
97337
34508
62777
39163
26413
541
91619
45673
12190
99416
97483
47256
49391
3736
54396
46112
18785
46366
40209
16454
85732
48971
81788
88658
25409
20641
32561
44814
83568
60954
58502
34428
40082
97664
60840
72578
98205
68810
18250
10394
84577
15732
57649
35820
28396
80079
54604
74761
20287
71057
60492
69197
65501
11017
89837
98062
72182
89757
75367
30684
24184
15448
28347
1375
88025
42903
70184
22626
69648
71113
54710
43648
5080
90529
72043
85158
61484
63155
21797
23647
7405
1737
89147
34774
7925
3560
6955
97681
78926
37638
21864
10725
82337
39590
15101
41591
26126
37727
11239
97238
8788
54886
2317
99316
43281
3826
60799
6435
25622
9691
46433
49379
27779
51932
84152
35704
55491
7458
33384
50769
45096
71600
77845
43784
11189
92946
85374
37314
47024
12964
34551
55811
84202
53219
71478
27482
57045
48628
50268
99018
58319
96701
64748
2449
64984
65251
54504
20474
87888
87594
17804
75839
65439
87027
58384
79664
24341
5407
8980
75243
77569
93181
28462
49046
37014
1858
97673
87281
875
72343
333
81975
91144
65316
47225
45647
2142
19933
49886
6087
54088
25724
71525
32026
12751
46260
53443
68018
37021
45037
45586
30201
73498
10983
83566
91707
8656
87198
8934
97350
3883
90908
88493
85550
38132
34140
87691
58065
84025
10130
28504
26101
81654
60530
55203
44266
4923
8645
28635
41943
70033
74221
88495
43531
1555
72060
35237
26562
75609
44170
23912
79491
51429
28756
65041
89561
79247
69083
63977
79624
79212
92480
5724
77218
69361
60926
21483
74283
85922
50117
32577
55954
40689
21071
15836
58596
9482
67425
85157
85091
27946
25420
64581
79375
54176
29621
68935
33422
98704
49263
13045
94267
41742
35120
71484
27455
96045
9318
98318
59435
34314
54272
16475
71736
86459
75070
81218
53883
76579
82660
81829
47240
61203
72525
93213
46489
5947
8268
12103
35343
2534
70196
70463
90370
97650
82859
99687
15739
81177
75473
50052
51800
8300
38139
99721
35708
8493
76299
18367
6673
78297
81959
84227
67173
91523
30715
73119
16142
59169
24814
35027
29364
95276
25396
27014
78134
25083
42752
75662
16907
9155
27461
25206
47293
82071
99353
90563
17577
34071
97235
12225
16029
81461
79398
23903
28527
68868
40044
87695
93681
75071
17058
88956
16818
44071
83442
41900
3174
59103
75159
12328
86564
16716
75973
68634
57994
75325
75548
75571
9395
72782
87795
41776
70594
83544
65678
99120
52412
22074
86814
46092
97144
20223
51400
13961
80646
34841
72213
83819
93943
63723
12499
96858
80438
88471
81843
38432
63795
57390
14002
89541
46523
18148
31316
17116
1692
13346
16235
70455
35419
19400
16546
48914
55975
67945
79226
36620
19137
51438
36790
13080
31512
49288
26289
11950
37758
8132
50381
17904
81873
7445
15233
55112
61863
33276
68457
94450
3730
20227
36628
69140
86175
4572
48366
39146
23709
16155
75936
53140
47667
25223
95780
75968
79333
20263
13588
39785
21032
46883
55017
92496
25097
4645
77304
19546
8374
97531
45001
83022
35921
65925
47739
91419
5985
80246
75476
44264
8928
87607
20231
4612
7870
79282
18200
26357
19066
55583
89591
90434
14687
95078
41734
34233
19804
39264
331
81156
38637
36251
63432
2728
44021
85768
82973
27726
61243
43588
36654
48850
80170
57617
73071
59451
92168
99427
78516
47751
5369
85301
12180
20055
80379
53913
54287
16534
9528
54617
97689
64517
7220
77473
67244
67592
63240
66568
95318
24483
10155
48323
89684
90324
5939
79106
49774
98107
94884
44641
62209
252
29941
90740
20306
26671
44653
90945
43204
70532
61913
57245
35048
85484
34717
2291
53076
97956
68858
48393
38790
95364
96715
44825
85687
19005
40282
35460
33463
35165
96452
95671
35416
26393
86411
72074
69415
47415
79370
12619
34298
41282
86215
69346
26766
20931
87988
96193
35238
73198
44585
90380
68561
57651
51556
54248
93007
91838
6059
26470
27002
18863
38492
78770
45255
41254
50843
14669
5020
30212
43639
39318
87845
29853
8663
14610
67135
96650
27154
18725
86199
9104
54760
45740
60659
25359
38747
68848
47769
81568
95850
66631
20059
74619
28237
77665
41813
59258
82684
88376
19248
22001
76220
49101
30663
7182
32587
43665
46215
22425
76766
974
84516
53777
42684
23262
22624
90453
21181
34825
73435
41240
25795
1672
18904
67607
72334
96528
39940
48554
61980
86954
72087
10919
46970
22773
78581
93185
45197
71699
10510
29713
25475
53194
69326
64450
59998
6859
99275
49784
48098
41421
67807
83353
9028
17643
97713
41615
57582
46266
19946
60888
34704
30864
7857
57477
9445
1041
2673
81143
27903
48737
22969
81096
34415
87418
57445
41273
3044
7228
5722
60817
75035
5426
86196
20121
23068
83908
78087
97002
30174
98033
57889
81229
28896
65745
38705
38340
83138
41378
35834
11040
6466
8487
57232
62572
65931
98504
81967
73158
20577
42783
64544
42354
28978
84665
65422
12886
79103
78775
59411
77135
36663
40639
6031
18759
79344
60722
18248
37073
96556
29287
59890
55357
17122
34280
31977
16247
9565
68906
59029
90460
11259
4359
75124
76680
33596
70579
71806
93006
47713
8468
49996
70095
43579
45691
30817
61826
27372
7465
42653
99080
61589
76126
33360
97996
8102
65958
93359
41338
14371
4618
45696
5847
97649
95643
76425
69455
88648
40489
77922
54996
10584
21500
686
41400
99678
83449
7142
42453
554
85082
34930
50265
83077
59383
16222
23340
52742
73912
54063
57359
35959
59909
55007
31602
52685
24461
36601
93173
18735
91596
20108
92282
77859
56263
75730
62981
79756
34534
79887
64838
69463
30151
64266
28845
62725
87606
97938
36636
58020
55296
88946
10303
20547
86964
51115
57148
96488
69849
65095
16596
26435
57376
10806
99049
49457
78805
83990
70025
43642
69804
175
7907
15001
79251
11864
12938
32238
69883
68234
21184
4162
94888
58082
7477
46002
15229
20317
15851
80324
53264
58637
54051
64069
57685
3508
37855
36489
3849
7879
96482
73653
24406
4389
5005
3656
32604
17942
35894
2487
2527
73429
23000
97414
31510
30477
59768
63091
67145
75618
59766
20408
50606
13816
24642
17323
38683
61131
37524
62913
57612
11176
87318
78352
16180
7326
10956
50473
59571
29794
53000
32999
69145
50413
64508
99621
10180
27598
83117
2149
87363
3524
69106
88000
93748
51205
26682
88728
5946
28841
99903
93264
23545
16941
34500
99259
76511
80645
25861
49789
19022
90368
65762
45554
34318
48878
47702
38032
52402
16808
55562
56753
26907
6767
99786
98136
95494
5731
26976
11749
15346
50520
60534
32286
1371
59792
25148
82015
28401
51008
48156
47423
57728
13917
92976
92045
79146
57029
46428
31547
90188
1990
4651
17094
25108
4436
36953
26519
58557
65053
41864
25428
41939
90502
26799
18082
32001
25165
46483
73320
93905
57088
3588
3232
65484
82734
60260
11911
30632
66800
30252
35283
83893
71711
39718
82588
74030
90068
24452
99457
32006
31305
42607
50088
63305
67772
96570
62665
57443
19752
61031
10057
85235
60116
86668
13498
90747
53467
43749
26029
53712
15460
82099
69185
40475
64686
59566
30542
5489
59022
62548
53145
17981
12635
16450
2104
25556
79114
59546
32381
15218
36928
58789
452
97043
61808
13949
4142
15275
74050
30170
85338
89509
28620
54522
46335
93306
14087
76876
15146
89460
55775
68291
7440
68409
1092
9543
10316
80205
85441
59048
11774
38720
17836
52115
95996
42526
56256
27622
86425
12959
22435
31397
67480
85121
24702
97918
61997
56199
87377
17771
24489
11169
2532
41932
37063
12847
38489
38855
88247
50262
77575
22434
78839
29689
18429
37717
2296
46050
70643
5072
59008
9430
36468
26487
94550
77521
40756
56546
33720
28133
90669
55653
93200
16492
92715
22398
54980
31570
10644
21593
25496
33078
432
71536
51506
38148
73831
13908
8790
78902
72915
34571
15370
15754
29121
92890
56509
2018
26609
993
92686
17521
56645
2237
34012
65712
40987
5343
13633
67982
26935
39128
1059
27366
10663
68917
81865
84493
99176
7007
63394
72090
41577
78763
4195
87049
88005
60704
89067
30965
78048
98104
48485
51045
16693
98848
16756
57679
4190
30388
42012
47477
69515
43071
91194
96529
28339
81021
27514
96417
60766
15955
54345
55881
41394
43885
97205
46812
74849
75252
61267
23334
42648
77959
22181
59403
51989
42723
6142
94001
90199
92008
53423
97744
88536
98113
87154
85908
41978
83570
46674
57932
37915
2554
94433
79308
46438
91637
42471
83241
3737
60971
25888
98048
99504
1643
50036
58578
24136
60388
65128
16144
30162
62871
21031
28274
50025
6939
70251
49946
69964
44535
87860
72517
38967
83519
35306
46956
25989
72943
46548
46078
50266
88787
44125
49769
6781
10512
24698
30917
87252
89825
63412
17413
52695
84442
45687
19071
7732
32289
69017
77695
93175
56876
66563
48494
56747
95449
99087
91163
58348
45164
41428
47134
5640
7548
53915
16152
32245
1183
19755
22069
64594
37167
91115
65387
99205
26538
89471
95554
83517
41020
68781
50080
89513
41879
68299
1313
40966
75813
76012
2481
17240
23146
8121
93412
40624
73383
94594
60378
11803
75539
13896
19270
57277
13101
45807
46747
60946
57712
30264
1965
42844
96695
7830
84723
81345
25494
25688
57158
1506
44520
90749
41003
52640
31888
50766
9615
21622
61711
86344
33425
37249
240
69046
94525
13340
31204
57624
74285
88915
4239
92601
31758
933
16782
16480
98629
58628
58519
55786
60133
3039
46535
17487
78422
68252
81645
43
29962
84340
49819
83562
84579
18864
94438
50067
52061
88554
55333
56299
3443
73583
30640
19922
72212
89267
94793
27997
65751
14183
90883
83237
86212
85656
67840
84208
2051
14153
68548
51869
97714
69478
87085
92152
83748
53503
60564
88653
8836
16863
86159
28630
6797
33151
48551
95360
22417
59695
39709
88168
73877
30591
87756
76441
71948
60648
18297
86100
86517
83814
15025
73601
92317
15124
43456
52880
3776
68643
86094
6287
97272
9243
39437
62174
4602
61853
21869
44310
66372
12097
74901
70480
88537
7499
65537
42147
44878
11083
28663
45043
42459
18616
37359
62071
6591
61358
47065
92684
67644
44336
1926
23432
22861
6528
85284
61081
67189
68008
73178
42089
54839
61714
49587
97265
43602
8085
58494
54685
36748
3537
13495
55363
40895
71077
33785
63837
48786
80849
72873
32781
41536
74798
56212
64396
97677
57847
25477
64866
25854
23306
93071
89245
94308
36673
97329
52802
7709
50428
56338
21203
5790
13584
8631
55926
77421
73768
53126
50293
22900
11013
41442
79111
91761
55471
33589
36688
79163
48594
59993
76207
58016
65589
70514
94688
79270
39667
18748
29697
12356
56303
51839
42292
81285
7764
19712
55053
77242
86356
77952
88254
44149
73415
96366
15971
10372
29954
52658
5886
94899
29003
82092
52915
68958
63954
8624
82702
19909
37332
39004
71747
79623
20288
95862
15686
91692
73103
2041
85996
77709
62541
59410
74074
78512
86133
20380
47521
92018
15278
76523
90462
84544
87466
59419
48498
77677
84394
47551
97585
21725
86554
85683
1347
23193
81545
17032
31237
54647
35424
17232
32355
14317
76641
22781
92828
62773
59512
40348
71142
91141
33223
61603
75685
37040
21021
40534
14716
21767
28653
43491
74637
14335
61190
14181
95879
45417
66878
29997
62648
15584
44313
55640
54716
37140
34764
14227
93839
5906
5368
43413
67508
81052
80452
4881
11520
26647
26020
56524
86489
17008
70858
47678
31188
83089
42251
92957
49966
72247
71956
81901
16559
27596
36617
70050
62359
80240
84616
23653
68476
53613
20456
89708
91549
31975
16354
17568
88498
19194
34575
75708
66872
65763
58796
9122
25113
81368
47026
7013
14278
74621
43629
679
53332
94472
80918
37947
67033
4570
6422
20646
25026
96129
12194
73352
28834
46114
61850
64380
80688
37557
31251
62802
12704
56724
54168
54443
84898
61180
68720
75870
21161
69398
29201
15632
66667
83500
99016
87589
6273
19661
12614
18754
48207
63939
94320
80518
28318
91359
34426
75920
54161
47129
32643
92032
1296
93281
78828
72156
69151
99988
57905
14703
31971
24572
98202
30986
12160
20827
66999
41125
39580
31557
43441
3518
25876
40311
31836
33586
74736
7755
87746
21865
56750
96130
39512
43834
5762
18339
32342
74912
34678
6598
5967
66648
31169
20520
97634
59680
41346
80984
17156
80925
12540
76949
795
54767
17259
32630
88352
91994
56736
92450
30210
13485
88579
69722
73671
94340
4412
6012
85604
39090
12609
7922
5737
60130
28441
19722
36161
86139
17057
83415
29596
46617
84209
714
63875
33190
5418
72220
89926
97867
2430
3410
2797
88503
77080
13488
92914
99443
15443
48355
28404
23364
70444
4885
68157
6517
41045
54295
23574
10713
54061
69521
57329
38270
70235
37555
71459
75652
26127
61384
89870
44908
81146
92666
33410
74577
6153
42675
90372
21596
7382
18775
61311
77825
29467
693
81055
113
40618
91768
54174
10139
65448
92443
96725
19355
80253
61833
57989
78597
6740
55486
87614
56501
30062
93766
15527
20433
31713
22908
93024
17084
79217
38842
17777
76624
55307
58394
68391
9480
84884
50190
18274
81608
85896
14878
70335
47728
72866
65283
54467
28351
52896
27319
74765
63014
42846
95197
94726
82105
67108
4101
99189
62676
59295
33317
39299
14601
8062
24041
40432
9298
74231
75057
90905
60126
89934
77592
24206
59226
95024
7502
12122
22343
82266
91487
81540
93815
2564
63644
60922
6665
79184
23597
82311
12500
79248
13263
36914
3288
53694
46211
77518
28750
53996
18683
31058
94553
97834
90284
89576
5336
18757
28270
3953
10243
9809
97767
12806
73453
35822
52636
14989
18132
81488
94236
47746
18401
13875
1439
80963
91393
46540
34429
61740
65223
65487
56292
79408
72122
62219
1095
7230
90489
5048
17472
297
